Minimum number of moves = 62
Nodes explored = 285
9  5  3  10 
1  0  6  15 
13  14  2  7 
8  12  4  11 

9  0  3  10 
1  5  6  15 
13  14  2  7 
8  12  4  11 

0  9  3  10 
1  5  6  15 
13  14  2  7 
8  12  4  11 

1  9  3  10 
0  5  6  15 
13  14  2  7 
8  12  4  11 

1  9  3  10 
5  0  6  15 
13  14  2  7 
8  12  4  11 

1  9  3  10 
5  6  0  15 
13  14  2  7 
8  12  4  11 

1  9  3  10 
5  6  2  15 
13  14  0  7 
8  12  4  11 

1  9  3  10 
5  6  2  15 
13  14  4  7 
8  12  0  11 

1  9  3  10 
5  6  2  15 
13  14  4  7 
8  0  12  11 

1  9  3  10 
5  6  2  15 
13  0  4  7 
8  14  12  11 

1  9  3  10 
5  0  2  15 
13  6  4  7 
8  14  12  11 

1  9  3  10 
5  2  0  15 
13  6  4  7 
8  14  12  11 

1  9  3  10 
5  2  4  15 
13  6  0  7 
8  14  12  11 

1  9  3  10 
5  2  4  15 
13  6  7  0 
8  14  12  11 

1  9  3  10 
5  2  4  0 
13  6  7  15 
8  14  12  11 

1  9  3  10 
5  2  0  4 
13  6  7  15 
8  14  12  11 

1  9  3  10 
5  2  7  4 
13  6  0  15 
8  14  12  11 

1  9  3  10 
5  2  7  4 
13  6  12  15 
8  14  0  11 

1  9  3  10 
5  2  7  4 
13  6  12  15 
8  14  11  0 

1  9  3  10 
5  2  7  4 
13  6  12  0 
8  14  11  15 

1  9  3  10 
5  2  7  4 
13  6  0  12 
8  14  11  15 

1  9  3  10 
5  2  7  4 
13  6  11  12 
8  14  0  15 

1  9  3  10 
5  2  7  4 
13  6  11  12 
8  0  14  15 

1  9  3  10 
5  2  7  4 
13  6  11  12 
0  8  14  15 

1  9  3  10 
5  2  7  4 
0  6  11  12 
13  8  14  15 

1  9  3  10 
5  2  7  4 
6  0  11  12 
13  8  14  15 

1  9  3  10 
5  2  7  4 
6  8  11  12 
13  0  14  15 

1  9  3  10 
5  2  7  4 
6  8  11  12 
13  14  0  15 

1  9  3  10 
5  2  7  4 
6  8  0  12 
13  14  11  15 

1  9  3  10 
5  2  7  4 
6  0  8  12 
13  14  11  15 

1  9  3  10 
5  0  7  4 
6  2  8  12 
13  14  11  15 

1  0  3  10 
5  9  7  4 
6  2  8  12 
13  14  11  15 

1  3  0  10 
5  9  7  4 
6  2  8  12 
13  14  11  15 

1  3  10  0 
5  9  7  4 
6  2  8  12 
13  14  11  15 

1  3  10  4 
5  9  7  0 
6  2  8  12 
13  14  11  15 

1  3  10  4 
5  9  0  7 
6  2  8  12 
13  14  11  15 

1  3  0  4 
5  9  10  7 
6  2  8  12 
13  14  11  15 

1  0  3  4 
5  9  10  7 
6  2  8  12 
13  14  11  15 

0  1  3  4 
5  9  10  7 
6  2  8  12 
13  14  11  15 

5  1  3  4 
0  9  10  7 
6  2  8  12 
13  14  11  15 

5  1  3  4 
9  0  10  7 
6  2  8  12 
13  14  11  15 

5  1  3  4 
9  2  10  7 
6  0  8  12 
13  14  11  15 

5  1  3  4 
9  2  10  7 
0  6  8  12 
13  14  11  15 

5  1  3  4 
0  2  10  7 
9  6  8  12 
13  14  11  15 

0  1  3  4 
5  2  10  7 
9  6  8  12 
13  14  11  15 

1  0  3  4 
5  2  10  7 
9  6  8  12 
13  14  11  15 

1  2  3  4 
5  0  10  7 
9  6  8  12 
13  14  11  15 

1  2  3  4 
5  6  10  7 
9  0  8  12 
13  14  11  15 

1  2  3  4 
5  6  10  7 
9  14  8  12 
13  0  11  15 

1  2  3  4 
5  6  10  7 
9  14  8  12 
13  11  0  15 

1  2  3  4 
5  6  10  7 
9  14  8  12 
13  11  15  0 

1  2  3  4 
5  6  10  7 
9  14  8  0 
13  11  15  12 

1  2  3  4 
5  6  10  7 
9  14  0  8 
13  11  15  12 

1  2  3  4 
5  6  0  7 
9  14  10  8 
13  11  15  12 

1  2  3  4 
5  6  7  0 
9  14  10  8 
13  11  15  12 

1  2  3  4 
5  6  7  8 
9  14  10  0 
13  11  15  12 

1  2  3  4 
5  6  7  8 
9  14  10  12 
13  11  15  0 

1  2  3  4 
5  6  7  8 
9  14  10  12 
13  11  0  15 

1  2  3  4 
5  6  7  8 
9  14  10  12 
13  0  11  15 

1  2  3  4 
5  6  7  8 
9  0  10  12 
13  14  11  15 

1  2  3  4 
5  6  7  8 
9  10  0  12 
13  14  11  15 

1  2  3  4 
5  6  7  8 
9  10  11  12 
13  14  0  15 

1  2  3  4 
5  6  7  8 
9  10  11  12 
13  14  15  0 

Minimum number of moves = 72
Nodes explored = 288
9  5  1  2 
11  6  4  15 
14  7  13  8 
10  12  3  0 

9  5  1  2 
11  6  4  15 
14  7  13  0 
10  12  3  8 

9  5  1  2 
11  6  4  0 
14  7  13  15 
10  12  3  8 

9  5  1  2 
11  6  0  4 
14  7  13  15 
10  12  3  8 

9  5  1  2 
11  0  6  4 
14  7  13  15 
10  12  3  8 

9  0  1  2 
11  5  6  4 
14  7  13  15 
10  12  3  8 

9  1  0  2 
11  5  6  4 
14  7  13  15 
10  12  3  8 

9  1  2  0 
11  5  6  4 
14  7  13  15 
10  12  3  8 

9  1  2  4 
11  5  6  0 
14  7  13  15 
10  12  3  8 

9  1  2  4 
11  5  6  15 
14  7  13  0 
10  12  3  8 

9  1  2  4 
11  5  6  15 
14  7  13  8 
10  12  3  0 

9  1  2  4 
11  5  6  15 
14  7  13  8 
10  12  0  3 

9  1  2  4 
11  5  6  15 
14  7  0  8 
10  12  13  3 

9  1  2  4 
11  5  6  15 
14  0  7  8 
10  12  13  3 

9  1  2  4 
11  5  6  15 
0  14  7  8 
10  12  13  3 

9  1  2  4 
0  5  6  15 
11  14  7  8 
10  12  13  3 

0  1  2  4 
9  5  6  15 
11  14  7  8 
10  12  13  3 

1  0  2  4 
9  5  6  15 
11  14  7  8 
10  12  13  3 

1  2  0  4 
9  5  6  15 
11  14  7  8 
10  12  13  3 

1  2  6  4 
9  5  0  15 
11  14  7  8 
10  12  13  3 

1  2  6  4 
9  5  7  15 
11  14  0  8 
10  12  13  3 

1  2  6  4 
9  5  7  15 
11  14  13  8 
10  12  0  3 

1  2  6  4 
9  5  7  15 
11  14  13  8 
10  0  12  3 

1  2  6  4 
9  5  7  15 
11  0  13  8 
10  14  12  3 

1  2  6  4 
9  5  7  15 
0  11  13  8 
10  14  12  3 

1  2  6  4 
0  5  7  15 
9  11  13  8 
10  14  12  3 

1  2  6  4 
5  0  7  15 
9  11  13  8 
10  14  12  3 

1  2  6  4 
5  11  7  15 
9  0  13  8 
10  14  12  3 

1  2  6  4 
5  11  7  15 
9  13  0  8 
10  14  12  3 

1  2  6  4 
5  11  7  15 
9  13  12  8 
10  14  0  3 

1  2  6  4 
5  11  7  15 
9  13  12  8 
10  0  14  3 

1  2  6  4 
5  11  7  15 
9  0  12  8 
10  13  14  3 

1  2  6  4 
5  0  7  15 
9  11  12  8 
10  13  14  3 

1  2  6  4 
5  7  0  15 
9  11  12  8 
10  13  14  3 

1  2  6  4 
5  7  15  0 
9  11  12  8 
10  13  14  3 

1  2  6  4 
5  7  15  8 
9  11  12  0 
10  13  14  3 

1  2  6  4 
5  7  15  8 
9  11  0  12 
10  13  14  3 

1  2  6  4 
5  7  0  8 
9  11  15  12 
10  13  14  3 

1  2  6  4 
5  0  7  8 
9  11  15  12 
10  13  14  3 

1  2  6  4 
0  5  7  8 
9  11  15  12 
10  13  14  3 

1  2  6  4 
9  5  7  8 
0  11  15  12 
10  13  14  3 

1  2  6  4 
9  5  7  8 
10  11  15  12 
0  13  14  3 

1  2  6  4 
9  5  7  8 
10  11  15  12 
13  0  14  3 

1  2  6  4 
9  5  7  8 
10  11  15  12 
13  14  0  3 

1  2  6  4 
9  5  7  8 
10  11  0  12 
13  14  15  3 

1  2  6  4 
9  5  7  8 
10  0  11  12 
13  14  15  3 

1  2  6  4 
9  5  7  8 
0  10  11  12 
13  14  15  3 

1  2  6  4 
0  5  7  8 
9  10  11  12 
13  14  15  3 

1  2  6  4 
5  0  7  8 
9  10  11  12 
13  14  15  3 

1  2  6  4 
5  7  0  8 
9  10  11  12 
13  14  15  3 

1  2  6  4 
5  7  8  0 
9  10  11  12 
13  14  15  3 

1  2  6  4 
5  7  8  12 
9  10  11  0 
13  14  15  3 

1  2  6  4 
5  7  8  12 
9  10  11  3 
13  14  15  0 

1  2  6  4 
5  7  8  12 
9  10  11  3 
13  14  0  15 

1  2  6  4 
5  7  8  12 
9  10  0  3 
13  14  11  15 

1  2  6  4 
5  7  8  12 
9  10  3  0 
13  14  11  15 

1  2  6  4 
5  7  8  0 
9  10  3  12 
13  14  11  15 

1  2  6  4 
5  7  0  8 
9  10  3  12 
13  14  11  15 

1  2  0  4 
5  7  6  8 
9  10  3  12 
13  14  11  15 

1  0  2  4 
5  7  6  8 
9  10  3  12 
13  14  11  15 

1  7  2  4 
5  0  6  8 
9  10  3  12 
13  14  11  15 

1  7  2  4 
5  6  0  8 
9  10  3  12 
13  14  11  15 

1  7  2  4 
5  6  3  8 
9  10  0  12 
13  14  11  15 

1  7  2  4 
5  6  3  8 
9  0  10  12 
13  14  11  15 

1  7  2  4 
5  0  3  8 
9  6  10  12 
13  14  11  15 

1  0  2  4 
5  7  3  8 
9  6  10  12 
13  14  11  15 

1  2  0  4 
5  7  3  8 
9  6  10  12 
13  14  11  15 

1  2  3  4 
5  7  0  8 
9  6  10  12 
13  14  11  15 

1  2  3  4 
5  0  7  8 
9  6  10  12 
13  14  11  15 

1  2  3  4 
5  6  7  8 
9  0  10  12 
13  14  11  15 

1  2  3  4 
5  6  7  8 
9  10  0  12 
13  14  11  15 

1  2  3  4 
5  6  7  8 
9  10  11  12 
13  14  0  15 

1  2  3  4 
5  6  7  8 
9  10  11  12 
13  14  15  0 

Minimum number of moves = 70
Nodes explored = 154
0  15  1  3 
5  9  11  10 
14  2  12  6 
13  4  8  7 

5  15  1  3 
0  9  11  10 
14  2  12  6 
13  4  8  7 

5  15  1  3 
9  0  11  10 
14  2  12  6 
13  4  8  7 

5  0  1  3 
9  15  11  10 
14  2  12  6 
13  4  8  7 

5  1  0  3 
9  15  11  10 
14  2  12  6 
13  4  8  7 

5  1  3  0 
9  15  11  10 
14  2  12  6 
13  4  8  7 

5  1  3  10 
9  15  11  0 
14  2  12  6 
13  4  8  7 

5  1  3  10 
9  15  11  6 
14  2  12  0 
13  4  8  7 

5  1  3  10 
9  15  11  6 
14  2  12  7 
13  4  8  0 

5  1  3  10 
9  15  11  6 
14  2  12  7 
13  4  0  8 

5  1  3  10 
9  15  11  6 
14  2  12  7 
13  0  4  8 

5  1  3  10 
9  15  11  6 
14  0  12  7 
13  2  4  8 

5  1  3  10 
9  0  11  6 
14  15  12  7 
13  2  4  8 

5  1  3  10 
9  11  0  6 
14  15  12  7 
13  2  4  8 

5  1  3  10 
9  11  6  0 
14  15  12  7 
13  2  4  8 

5  1  3  10 
9  11  6  7 
14  15  12  0 
13  2  4  8 

5  1  3  10 
9  11  6  7 
14  15  0  12 
13  2  4  8 

5  1  3  10 
9  11  6  7 
14  15  4  12 
13  2  0  8 

5  1  3  10 
9  11  6  7 
14  15  4  12 
13  2  8  0 

5  1  3  10 
9  11  6  7 
14  15  4  0 
13  2  8  12 

5  1  3  10 
9  11  6  7 
14  15  0  4 
13  2  8  12 

5  1  3  10 
9  11  6  7 
14  0  15  4 
13  2  8  12 

5  1  3  10 
9  0  6  7 
14  11  15  4 
13  2  8  12 

5  1  3  10 
9  6  0  7 
14  11  15  4 
13  2  8  12 

5  1  3  10 
9  6  7  0 
14  11  15  4 
13  2  8  12 

5  1  3  10 
9  6  7  4 
14  11  15  0 
13  2  8  12 

5  1  3  10 
9  6  7  4 
14  11  15  12 
13  2  8  0 

5  1  3  10 
9  6  7  4 
14  11  15  12 
13  2  0  8 

5  1  3  10 
9  6  7  4 
14  11  0  12 
13  2  15  8 

5  1  3  10 
9  6  7  4 
14  11  12  0 
13  2  15  8 

5  1  3  10 
9  6  7  4 
14  11  12  8 
13  2  15  0 

5  1  3  10 
9  6  7  4 
14  11  12  8 
13  2  0  15 

5  1  3  10 
9  6  7  4 
14  11  12  8 
13  0  2  15 

5  1  3  10 
9  6  7  4 
14  0  12  8 
13  11  2  15 

5  1  3  10 
9  6  7  4 
0  14  12  8 
13  11  2  15 

5  1  3  10 
0  6  7  4 
9  14  12  8 
13  11  2  15 

0  1  3  10 
5  6  7  4 
9  14  12  8 
13  11  2  15 

1  0  3  10 
5  6  7  4 
9  14  12  8 
13  11  2  15 

1  3  0  10 
5  6  7  4 
9  14  12  8 
13  11  2  15 

1  3  10  0 
5  6  7  4 
9  14  12  8 
13  11  2  15 

1  3  10  4 
5  6  7  0 
9  14  12  8 
13  11  2  15 

1  3  10  4 
5  6  7  8 
9  14  12  0 
13  11  2  15 

1  3  10  4 
5  6  7  8 
9  14  0  12 
13  11  2  15 

1  3  10  4 
5  6  7  8 
9  14  2  12 
13  11  0  15 

1  3  10  4 
5  6  7  8 
9  14  2  12 
13  0  11  15 

1  3  10  4 
5  6  7  8 
9  0  2  12 
13  14  11  15 

1  3  10  4 
5  0  7  8 
9  6  2  12 
13  14  11  15 

1  3  10  4 
5  7  0  8 
9  6  2  12 
13  14  11  15 

1  3  0  4 
5  7  10  8 
9  6  2  12 
13  14  11  15 

1  0  3  4 
5  7  10  8 
9  6  2  12 
13  14  11  15 

1  7  3  4 
5  0  10  8 
9  6  2  12 
13  14  11  15 

1  7  3  4 
5  6  10  8 
9  0  2  12 
13  14  11  15 

1  7  3  4 
5  6  10  8 
9  2  0  12 
13  14  11  15 

1  7  3  4 
5  6  0  8 
9  2  10  12 
13  14  11  15 

1  7  3  4 
5  0  6  8 
9  2  10  12 
13  14  11  15 

1  7  3  4 
5  2  6  8 
9  0  10  12 
13  14  11  15 

1  7  3  4 
5  2  6  8 
9  10  0  12 
13  14  11  15 

1  7  3  4 
5  2  6  8 
9  10  11  12 
13  14  0  15 

1  7  3  4 
5  2  6  8 
9  10  11  12 
13  14  15  0 

1  7  3  4 
5  2  6  8 
9  10  11  0 
13  14  15  12 

1  7  3  4 
5  2  6  0 
9  10  11  8 
13  14  15  12 

1  7  3  0 
5  2  6  4 
9  10  11  8 
13  14  15  12 

1  7  0  3 
5  2  6  4 
9  10  11  8 
13  14  15  12 

1  0  7  3 
5  2  6  4 
9  10  11  8 
13  14  15  12 

1  2  7  3 
5  0  6  4 
9  10  11  8 
13  14  15  12 

1  2  7  3 
5  6  0  4 
9  10  11  8 
13  14  15  12 

1  2  0  3 
5  6  7  4 
9  10  11  8 
13  14  15  12 

1  2  3  0 
5  6  7  4 
9  10  11  8 
13  14  15  12 

1  2  3  4 
5  6  7  0 
9  10  11  8 
13  14  15  12 

1  2  3  4 
5  6  7  8 
9  10  11  0 
13  14  15  12 

1  2  3  4 
5  6  7  8 
9  10  11  12 
13  14  15  0 

Minimum number of moves = 72
Nodes explored = 278
13  1  3  4 
7  5  9  0 
15  2  11  12 
6  8  10  14 

13  1  3  4 
7  5  9  12 
15  2  11  0 
6  8  10  14 

13  1  3  4 
7  5  9  12 
15  2  0  11 
6  8  10  14 

13  1  3  4 
7  5  9  12 
15  2  10  11 
6  8  0  14 

13  1  3  4 
7  5  9  12 
15  2  10  11 
6  0  8  14 

13  1  3  4 
7  5  9  12 
15  2  10  11 
0  6  8  14 

13  1  3  4 
7  5  9  12 
0  2  10  11 
15  6  8  14 

13  1  3  4 
0  5  9  12 
7  2  10  11 
15  6  8  14 

0  1  3  4 
13  5  9  12 
7  2  10  11 
15  6  8  14 

1  0  3  4 
13  5  9  12 
7  2  10  11 
15  6  8  14 

1  5  3  4 
13  0  9  12 
7  2  10  11 
15  6  8  14 

1  5  3  4 
13  2  9  12 
7  0  10  11 
15  6  8  14 

1  5  3  4 
13  2  9  12 
0  7  10  11 
15  6  8  14 

1  5  3  4 
0  2  9  12 
13  7  10  11 
15  6  8  14 

1  5  3  4 
2  0  9  12 
13  7  10  11 
15  6  8  14 

1  5  3  4 
2  7  9  12 
13  0  10  11 
15  6  8  14 

1  5  3  4 
2  7  9  12 
13  6  10  11 
15  0  8  14 

1  5  3  4 
2  7  9  12 
13  6  10  11 
0  15  8  14 

1  5  3  4 
2  7  9  12 
0  6  10  11 
13  15  8  14 

1  5  3  4 
2  7  9  12 
6  0  10  11 
13  15  8  14 

1  5  3  4 
2  7  9  12 
6  10  0  11 
13  15  8  14 

1  5  3  4 
2  7  9  12 
6  10  11  0 
13  15  8  14 

1  5  3  4 
2  7  9  0 
6  10  11  12 
13  15  8  14 

1  5  3  4 
2  7  0  9 
6  10  11  12 
13  15  8  14 

1  5  3  4 
2  0  7  9 
6  10  11  12 
13  15  8  14 

1  5  3  4 
0  2  7  9 
6  10  11  12 
13  15  8  14 

1  5  3  4 
6  2  7  9 
0  10  11  12 
13  15  8  14 

1  5  3  4 
6  2  7  9 
10  0  11  12 
13  15  8  14 

1  5  3  4 
6  2  7  9 
10  11  0  12 
13  15  8  14 

1  5  3  4 
6  2  7  9 
10  11  8  12 
13  15  0  14 

1  5  3  4 
6  2  7  9 
10  11  8  12 
13  15  14  0 

1  5  3  4 
6  2  7  9 
10  11  8  0 
13  15  14  12 

1  5  3  4 
6  2  7  9 
10  11  0  8 
13  15  14  12 

1  5  3  4 
6  2  7  9 
10  11  14  8 
13  15  0  12 

1  5  3  4 
6  2  7  9 
10  11  14  8 
13  0  15  12 

1  5  3  4 
6  2  7  9 
10  0  14  8 
13  11  15  12 

1  5  3  4 
6  2  7  9 
10  14  0  8 
13  11  15  12 

1  5  3  4 
6  2  0  9 
10  14  7  8 
13  11  15  12 

1  5  3  4 
6  2  9  0 
10  14  7  8 
13  11  15  12 

1  5  3  4 
6  2  9  8 
10  14  7  0 
13  11  15  12 

1  5  3  4 
6  2  9  8 
10  14  7  12 
13  11  15  0 

1  5  3  4 
6  2  9  8 
10  14  7  12 
13  11  0  15 

1  5  3  4 
6  2  9  8 
10  14  7  12 
13  0  11  15 

1  5  3  4 
6  2  9  8 
10  0  7  12 
13  14  11  15 

1  5  3  4 
6  2  9  8 
0  10  7  12 
13  14  11  15 

1  5  3  4 
0  2  9  8 
6  10  7  12 
13  14  11  15 

1  5  3  4 
2  0  9  8 
6  10  7  12 
13  14  11  15 

1  5  3  4 
2  9  0  8 
6  10  7  12 
13  14  11  15 

1  5  3  4 
2  9  7  8 
6  10  0  12 
13  14  11  15 

1  5  3  4 
2  9  7  8 
6  0  10  12 
13  14  11  15 

1  5  3  4 
2  0  7  8 
6  9  10  12 
13  14  11  15 

1  5  3  4 
0  2  7  8 
6  9  10  12 
13  14  11  15 

1  5  3  4 
6  2  7  8 
0  9  10  12 
13  14  11  15 

1  5  3  4 
6  2  7  8 
9  0  10  12 
13  14  11  15 

1  5  3  4 
6  2  7  8 
9  10  0  12 
13  14  11  15 

1  5  3  4 
6  2  0  8 
9  10  7  12 
13  14  11  15 

1  5  0  4 
6  2  3  8 
9  10  7  12 
13  14  11  15 

1  0  5  4 
6  2  3  8 
9  10  7  12 
13  14  11  15 

1  2  5  4 
6  0  3  8 
9  10  7  12 
13  14  11  15 

1  2  5  4 
0  6  3  8 
9  10  7  12 
13  14  11  15 

0  2  5  4 
1  6  3  8 
9  10  7  12 
13  14  11  15 

2  0  5  4 
1  6  3  8 
9  10  7  12 
13  14  11  15 

2  5  0  4 
1  6  3  8 
9  10  7  12 
13  14  11  15 

2  5  3  4 
1  6  0  8 
9  10  7  12 
13  14  11  15 

2  5  3  4 
1  0  6  8 
9  10  7  12 
13  14  11  15 

2  0  3  4 
1  5  6  8 
9  10  7  12 
13  14  11  15 

0  2  3  4 
1  5  6  8 
9  10  7  12 
13  14  11  15 

1  2  3  4 
0  5  6  8 
9  10  7  12 
13  14  11  15 

1  2  3  4 
5  0  6  8 
9  10  7  12 
13  14  11  15 

1  2  3  4 
5  6  0  8 
9  10  7  12 
13  14  11  15 

1  2  3  4 
5  6  7  8 
9  10  0  12 
13  14  11  15 

1  2  3  4 
5  6  7  8 
9  10  11  12 
13  14  0  15 

1  2  3  4 
5  6  7  8 
9  10  11  12 
13  14  15  0 

Minimum number of moves = 56
Nodes explored = 1801
1  12  2  7 
9  6  3  0 
13  5  10  4 
14  11  15  8 

1  12  2  7 
9  6  3  4 
13  5  10  0 
14  11  15  8 

1  12  2  7 
9  6  3  4 
13  5  10  8 
14  11  15  0 

1  12  2  7 
9  6  3  4 
13  5  10  8 
14  11  0  15 

1  12  2  7 
9  6  3  4 
13  5  10  8 
14  0  11  15 

1  12  2  7 
9  6  3  4 
13  5  10  8 
0  14  11  15 

1  12  2  7 
9  6  3  4 
0  5  10  8 
13  14  11  15 

1  12  2  7 
0  6  3  4 
9  5  10  8 
13  14  11  15 

1  12  2  7 
6  0  3  4 
9  5  10  8 
13  14  11  15 

1  0  2  7 
6  12  3  4 
9  5  10  8 
13  14  11  15 

1  2  0  7 
6  12  3  4 
9  5  10  8 
13  14  11  15 

1  2  3  7 
6  12  0  4 
9  5  10  8 
13  14  11  15 

1  2  3  7 
6  0  12  4 
9  5  10  8 
13  14  11  15 

1  0  3  7 
6  2  12  4 
9  5  10  8 
13  14  11  15 

1  3  0  7 
6  2  12  4 
9  5  10  8 
13  14  11  15 

1  3  7  0 
6  2  12  4 
9  5  10  8 
13  14  11  15 

1  3  7  4 
6  2  12  0 
9  5  10  8 
13  14  11  15 

1  3  7  4 
6  2  0  12 
9  5  10  8 
13  14  11  15 

1  3  0  4 
6  2  7  12 
9  5  10  8 
13  14  11  15 

1  0  3  4 
6  2  7  12 
9  5  10  8 
13  14  11  15 

1  2  3  4 
6  0  7  12 
9  5  10  8 
13  14  11  15 

1  2  3  4 
6  5  7  12 
9  0  10  8 
13  14  11  15 

1  2  3  4 
6  5  7  12 
9  10  0  8 
13  14  11  15 

1  2  3  4 
6  5  7  12 
9  10  8  0 
13  14  11  15 

1  2  3  4 
6  5  7  0 
9  10  8  12 
13  14  11  15 

1  2  3  4 
6  5  0  7 
9  10  8  12 
13  14  11  15 

1  2  3  4 
6  5  8  7 
9  10  0  12 
13  14  11  15 

1  2  3  4 
6  5  8  7 
9  10  11  12 
13  14  0  15 

1  2  3  4 
6  5  8  7 
9  10  11  12 
13  14  15  0 

1  2  3  4 
6  5  8  7 
9  10  11  0 
13  14  15  12 

1  2  3  4 
6  5  8  0 
9  10  11  7 
13  14  15  12 

1  2  3  4 
6  5  0  8 
9  10  11  7 
13  14  15  12 

1  2  3  4 
6  0  5  8 
9  10  11  7 
13  14  15  12 

1  2  3  4 
0  6  5  8 
9  10  11  7 
13  14  15  12 

1  2  3  4 
9  6  5  8 
0  10  11  7 
13  14  15  12 

1  2  3  4 
9  6  5  8 
10  0  11  7 
13  14  15  12 

1  2  3  4 
9  0  5  8 
10  6  11  7 
13  14  15  12 

1  2  3  4 
9  5  0  8 
10  6  11  7 
13  14  15  12 

1  2  3  4 
9  5  11  8 
10  6  0  7 
13  14  15  12 

1  2  3  4 
9  5  11  8 
10  0  6  7 
13  14  15  12 

1  2  3  4 
9  5  11  8 
0  10  6  7 
13  14  15  12 

1  2  3  4 
0  5  11  8 
9  10  6  7 
13  14  15  12 

1  2  3  4 
5  0  11  8 
9  10  6  7 
13  14  15  12 

1  2  3  4 
5  11  0  8 
9  10  6  7 
13  14  15  12 

1  2  3  4 
5  11  6  8 
9  10  0  7 
13  14  15  12 

1  2  3  4 
5  11  6  8 
9  10  7  0 
13  14  15  12 

1  2  3  4 
5  11  6  8 
9  10  7  12 
13  14  15  0 

1  2  3  4 
5  11  6  8 
9  10  7  12 
13  14  0  15 

1  2  3  4 
5  11  6  8 
9  10  7  12 
13  0  14  15 

1  2  3  4 
5  11  6  8 
9  0  7  12 
13  10  14  15 

1  2  3  4 
5  0  6  8 
9  11  7  12 
13  10  14  15 

1  2  3  4 
5  6  0  8 
9  11  7  12 
13  10  14  15 

1  2  3  4 
5  6  7  8 
9  11  0  12 
13  10  14  15 

1  2  3  4 
5  6  7  8 
9  0  11  12 
13  10  14  15 

1  2  3  4 
5  6  7  8 
9  10  11  12 
13  0  14  15 

1  2  3  4 
5  6  7  8 
9  10  11  12 
13  14  0  15 

1  2  3  4 
5  6  7  8 
9  10  11  12 
13  14  15  0 

Minimum number of moves = 44
Nodes explored = 235
2  3  12  4 
9  7  15  6 
10  5  0  1 
13  14  11  8 

2  3  12  4 
9  7  0  6 
10  5  15  1 
13  14  11  8 

2  3  0  4 
9  7  12  6 
10  5  15  1 
13  14  11  8 

2  0  3  4 
9  7  12  6 
10  5  15  1 
13  14  11  8 

2  7  3  4 
9  0  12  6 
10  5  15  1 
13  14  11  8 

2  7  3  4 
9  5  12  6 
10  0  15  1 
13  14  11  8 

2  7  3  4 
9  5  12  6 
0  10  15  1 
13  14  11  8 

2  7  3  4 
0  5  12  6 
9  10  15  1 
13  14  11  8 

2  7  3  4 
5  0  12  6 
9  10  15  1 
13  14  11  8 

2  7  3  4 
5  10  12  6 
9  0  15  1 
13  14  11  8 

2  7  3  4 
5  10  12  6 
9  15  0  1 
13  14  11  8 

2  7  3  4 
5  10  0  6 
9  15  12  1 
13  14  11  8 

2  7  3  4 
5  10  6  0 
9  15  12  1 
13  14  11  8 

2  7  3  4 
5  10  6  1 
9  15  12  0 
13  14  11  8 

2  7  3  4 
5  10  6  1 
9  15  12  8 
13  14  11  0 

2  7  3  4 
5  10  6  1 
9  15  12  8 
13  14  0  11 

2  7  3  4 
5  10  6  1 
9  15  0  8 
13  14  12  11 

2  7  3  4 
5  10  6  1 
9  0  15  8 
13  14  12  11 

2  7  3  4 
5  0  6  1 
9  10  15  8 
13  14  12  11 

2  7  3  4 
5  6  0  1 
9  10  15  8 
13  14  12  11 

2  7  3  4 
5  6  1  0 
9  10  15  8 
13  14  12  11 

2  7  3  4 
5  6  1  8 
9  10  15  0 
13  14  12  11 

2  7  3  4 
5  6  1  8 
9  10  15  11 
13  14  12  0 

2  7  3  4 
5  6  1  8 
9  10  15  11 
13  14  0  12 

2  7  3  4 
5  6  1  8 
9  10  0  11 
13  14  15  12 

2  7  3  4 
5  6  1  8 
9  10  11  0 
13  14  15  12 

2  7  3  4 
5  6  1  0 
9  10  11  8 
13  14  15  12 

2  7  3  0 
5  6  1  4 
9  10  11  8 
13  14  15  12 

2  7  0  3 
5  6  1  4 
9  10  11  8 
13  14  15  12 

2  0  7  3 
5  6  1  4 
9  10  11  8 
13  14  15  12 

0  2  7  3 
5  6  1  4 
9  10  11  8 
13  14  15  12 

5  2  7  3 
0  6  1  4 
9  10  11  8 
13  14  15  12 

5  2  7  3 
6  0  1  4 
9  10  11  8 
13  14  15  12 

5  2  7  3 
6  1  0  4 
9  10  11  8 
13  14  15  12 

5  2  0  3 
6  1  7  4 
9  10  11  8 
13  14  15  12 

5  0  2  3 
6  1  7  4 
9  10  11  8 
13  14  15  12 

5  1  2  3 
6  0  7  4 
9  10  11  8 
13  14  15  12 

5  1  2  3 
0  6  7  4 
9  10  11  8 
13  14  15  12 

0  1  2  3 
5  6  7  4 
9  10  11  8 
13  14  15  12 

1  0  2  3 
5  6  7  4 
9  10  11  8 
13  14  15  12 

1  2  0  3 
5  6  7  4 
9  10  11  8 
13  14  15  12 

1  2  3  0 
5  6  7  4 
9  10  11  8 
13  14  15  12 

1  2  3  4 
5  6  7  0 
9  10  11  8 
13  14  15  12 

1  2  3  4 
5  6  7  8 
9  10  11  0 
13  14  15  12 

1  2  3  4 
5  6  7  8 
9  10  11  12 
13  14  15  0 

Minimum number of moves = 74
Nodes explored = 276
10  6  4  8 
3  1  9  0 
13  5  11  14 
2  7  12  15 

10  6  4  0 
3  1  9  8 
13  5  11  14 
2  7  12  15 

10  6  0  4 
3  1  9  8 
13  5  11  14 
2  7  12  15 

10  0  6  4 
3  1  9  8 
13  5  11  14 
2  7  12  15 

10  1  6  4 
3  0  9  8 
13  5  11  14 
2  7  12  15 

10  1  6  4 
3  5  9  8 
13  0  11  14 
2  7  12  15 

10  1  6  4 
3  5  9  8 
13  7  11  14 
2  0  12  15 

10  1  6  4 
3  5  9  8 
13  7  11  14 
0  2  12  15 

10  1  6  4 
3  5  9  8 
0  7  11  14 
13  2  12  15 

10  1  6  4 
0  5  9  8 
3  7  11  14 
13  2  12  15 

10  1  6  4 
5  0  9  8 
3  7  11  14 
13  2  12  15 

10  1  6  4 
5  7  9  8 
3  0  11  14 
13  2  12  15 

10  1  6  4 
5  7  9  8 
0  3  11  14 
13  2  12  15 

10  1  6  4 
0  7  9  8 
5  3  11  14 
13  2  12  15 

0  1  6  4 
10  7  9  8 
5  3  11  14 
13  2  12  15 

1  0  6  4 
10  7  9  8 
5  3  11  14 
13  2  12  15 

1  7  6  4 
10  0  9  8 
5  3  11  14 
13  2  12  15 

1  7  6  4 
10  9  0  8 
5  3  11  14 
13  2  12  15 

1  7  0  4 
10  9  6  8 
5  3  11  14 
13  2  12  15 

1  0  7  4 
10  9  6  8 
5  3  11  14 
13  2  12  15 

1  9  7  4 
10  0  6  8 
5  3  11  14 
13  2  12  15 

1  9  7  4 
10  3  6  8 
5  0  11  14 
13  2  12  15 

1  9  7  4 
10  3  6  8 
5  11  0  14 
13  2  12  15 

1  9  7  4 
10  3  6  8 
5  11  12  14 
13  2  0  15 

1  9  7  4 
10  3  6  8 
5  11  12  14 
13  2  15  0 

1  9  7  4 
10  3  6  8 
5  11  12  0 
13  2  15  14 

1  9  7  4 
10  3  6  8 
5  11  0  12 
13  2  15  14 

1  9  7  4 
10  3  6  8 
5  11  15  12 
13  2  0  14 

1  9  7  4 
10  3  6  8 
5  11  15  12 
13  2  14  0 

1  9  7  4 
10  3  6  8 
5  11  15  0 
13  2  14  12 

1  9  7  4 
10  3  6  8 
5  11  0  15 
13  2  14  12 

1  9  7  4 
10  3  6  8 
5  0  11  15 
13  2  14  12 

1  9  7  4 
10  3  6  8 
5  2  11  15 
13  0  14  12 

1  9  7  4 
10  3  6  8 
5  2  11  15 
13  14  0  12 

1  9  7  4 
10  3  6  8 
5  2  0  15 
13  14  11  12 

1  9  7  4 
10  3  6  8 
5  2  15  0 
13  14  11  12 

1  9  7  4 
10  3  6  8 
5  2  15  12 
13  14  11  0 

1  9  7  4 
10  3  6  8 
5  2  15  12 
13  14  0  11 

1  9  7  4 
10  3  6  8 
5  2  0  12 
13  14  15  11 

1  9  7  4 
10  3  0  8 
5  2  6  12 
13  14  15  11 

1  9  0  4 
10  3  7  8 
5  2  6  12 
13  14  15  11 

1  0  9  4 
10  3  7  8 
5  2  6  12 
13  14  15  11 

1  3  9  4 
10  0  7  8 
5  2  6  12 
13  14  15  11 

1  3  9  4 
10  2  7  8 
5  0  6  12 
13  14  15  11 

1  3  9  4 
10  2  7  8 
5  6  0  12 
13  14  15  11 

1  3  9  4 
10  2  0  8 
5  6  7  12 
13  14  15  11 

1  3  0  4 
10  2  9  8 
5  6  7  12 
13  14  15  11 

1  0  3  4 
10  2  9  8 
5  6  7  12 
13  14  15  11 

1  2  3  4 
10  0  9  8 
5  6  7  12 
13  14  15  11 

1  2  3  4 
10  9  0  8 
5  6  7  12 
13  14  15  11 

1  2  3  4 
10  9  7  8 
5  6  0  12 
13  14  15  11 

1  2  3  4 
10  9  7  8 
5  0  6  12 
13  14  15  11 

1  2  3  4 
10  0  7  8 
5  9  6  12 
13  14  15  11 

1  2  3  4 
0  10  7  8 
5  9  6  12 
13  14  15  11 

1  2  3  4 
5  10  7  8 
0  9  6  12 
13  14  15  11 

1  2  3  4 
5  10  7  8 
9  0  6  12 
13  14  15  11 

1  2  3  4 
5  10  7  8 
9  14  6  12 
13  0  15  11 

1  2  3  4 
5  10  7  8 
9  14  6  12 
13  15  0  11 

1  2  3  4 
5  10  7  8 
9  14  6  12 
13  15  11  0 

1  2  3  4 
5  10  7  8 
9  14  6  0 
13  15  11  12 

1  2  3  4 
5  10  7  8 
9  14  0  6 
13  15  11  12 

1  2  3  4 
5  10  7  8 
9  14  11  6 
13  15  0  12 

1  2  3  4 
5  10  7  8 
9  14  11  6 
13  0  15  12 

1  2  3  4 
5  10  7  8 
9  0  11  6 
13  14  15  12 

1  2  3  4 
5  10  7  8 
9  11  0  6 
13  14  15  12 

1  2  3  4 
5  10  7  8 
9  11  6  0 
13  14  15  12 

1  2  3  4 
5  10  7  0 
9  11  6  8 
13  14  15  12 

1  2  3  4 
5  10  0  7 
9  11  6  8 
13  14  15  12 

1  2  3  4 
5  10  6  7 
9  11  0  8 
13  14  15  12 

1  2  3  4 
5  10  6  7 
9  0  11  8 
13  14  15  12 

1  2  3  4 
5  0  6  7 
9  10  11  8 
13  14  15  12 

1  2  3  4 
5  6  0  7 
9  10  11  8 
13  14  15  12 

1  2  3  4 
5  6  7  0 
9  10  11  8 
13  14  15  12 

1  2  3  4 
5  6  7  8 
9  10  11  0 
13  14  15  12 

1  2  3  4 
5  6  7  8 
9  10  11  12 
13  14  15  0 

Minimum number of moves = 60
Nodes explored = 199
1  7  3  9 
2  5  6  0 
11  10  14  12 
13  15  4  8 

1  7  3  0 
2  5  6  9 
11  10  14  12 
13  15  4  8 

1  7  0  3 
2  5  6  9 
11  10  14  12 
13  15  4  8 

1  0  7  3 
2  5  6  9 
11  10  14  12 
13  15  4  8 

1  5  7  3 
2  0  6  9 
11  10  14  12 
13  15  4  8 

1  5  7  3 
2  10  6  9 
11  0  14  12 
13  15  4  8 

1  5  7  3 
2  10  6  9 
11  14  0  12 
13  15  4  8 

1  5  7  3 
2  10  6  9 
11  14  4  12 
13  15  0  8 

1  5  7  3 
2  10  6  9 
11  14  4  12 
13  0  15  8 

1  5  7  3 
2  10  6  9 
11  0  4  12 
13  14  15  8 

1  5  7  3 
2  0  6  9 
11  10  4  12 
13  14  15  8 

1  5  7  3 
2  6  0  9 
11  10  4  12 
13  14  15  8 

1  5  0  3 
2  6  7  9 
11  10  4  12 
13  14  15  8 

1  5  3  0 
2  6  7  9 
11  10  4  12 
13  14  15  8 

1  5  3  9 
2  6  7  0 
11  10  4  12 
13  14  15  8 

1  5  3  9 
2  6  0  7 
11  10  4  12 
13  14  15  8 

1  5  3  9 
2  6  4  7 
11  10  0  12 
13  14  15  8 

1  5  3  9 
2  6  4  7 
11  10  12  0 
13  14  15  8 

1  5  3  9 
2  6  4  0 
11  10  12  7 
13  14  15  8 

1  5  3  9 
2  6  0  4 
11  10  12  7 
13  14  15  8 

1  5  0  9 
2  6  3  4 
11  10  12  7 
13  14  15  8 

1  5  9  0 
2  6  3  4 
11  10  12  7 
13  14  15  8 

1  5  9  4 
2  6  3  0 
11  10  12  7 
13  14  15  8 

1  5  9  4 
2  6  3  7 
11  10  12  0 
13  14  15  8 

1  5  9  4 
2  6  3  7 
11  10  12  8 
13  14  15  0 

1  5  9  4 
2  6  3  7 
11  10  12  8 
13  14  0  15 

1  5  9  4 
2  6  3  7 
11  10  12  8 
13  0  14  15 

1  5  9  4 
2  6  3  7 
11  0  12  8 
13  10  14  15 

1  5  9  4 
2  0  3  7 
11  6  12  8 
13  10  14  15 

1  0  9  4 
2  5  3  7 
11  6  12  8 
13  10  14  15 

1  9  0  4 
2  5  3  7 
11  6  12  8 
13  10  14  15 

1  9  3  4 
2  5  0  7 
11  6  12  8 
13  10  14  15 

1  9  3  4 
2  5  7  0 
11  6  12  8 
13  10  14  15 

1  9  3  4 
2  5  7  8 
11  6  12  0 
13  10  14  15 

1  9  3  4 
2  5  7  8 
11  6  0  12 
13  10  14  15 

1  9  3  4 
2  5  7  8 
11  0  6  12 
13  10  14  15 

1  9  3  4 
2  5  7  8 
0  11  6  12 
13  10  14  15 

1  9  3  4 
0  5  7  8 
2  11  6  12 
13  10  14  15 

1  9  3  4 
5  0  7  8 
2  11  6  12 
13  10  14  15 

1  0  3  4 
5  9  7  8 
2  11  6  12 
13  10  14  15 

1  3  0  4 
5  9  7  8 
2  11  6  12 
13  10  14  15 

1  3  7  4 
5  9  0  8 
2  11  6  12 
13  10  14  15 

1  3  7  4 
5  9  6  8 
2  11  0  12 
13  10  14  15 

1  3  7  4 
5  9  6  8 
2  0  11  12 
13  10  14  15 

1  3  7  4 
5  0  6  8 
2  9  11  12 
13  10  14  15 

1  3  7  4 
5  6  0  8 
2  9  11  12 
13  10  14  15 

1  3  0  4 
5  6  7  8 
2  9  11  12 
13  10  14  15 

1  0  3  4 
5  6  7  8 
2  9  11  12 
13  10  14  15 

0  1  3  4 
5  6  7  8 
2  9  11  12 
13  10  14  15 

5  1  3  4 
0  6  7  8 
2  9  11  12 
13  10  14  15 

5  1  3  4 
2  6  7  8 
0  9  11  12 
13  10  14  15 

5  1  3  4 
2  6  7  8 
9  0  11  12 
13  10  14  15 

5  1  3  4 
2  0  7  8 
9  6  11  12 
13  10  14  15 

5  1  3  4 
0  2  7  8 
9  6  11  12 
13  10  14  15 

0  1  3  4 
5  2  7  8 
9  6  11  12 
13  10  14  15 

1  0  3  4 
5  2  7  8 
9  6  11  12 
13  10  14  15 

1  2  3  4 
5  0  7  8 
9  6  11  12 
13  10  14  15 

1  2  3  4 
5  6  7  8 
9  0  11  12 
13  10  14  15 

1  2  3  4 
5  6  7  8 
9  10  11  12 
13  0  14  15 

1  2  3  4 
5  6  7  8 
9  10  11  12 
13  14  0  15 

1  2  3  4 
5  6  7  8 
9  10  11  12 
13  14  15  0 

Minimum number of moves = 52
Nodes explored = 463
5  3  1  8 
9  6  2  11 
7  4  10  12 
13  14  15  0 

5  3  1  8 
9  6  2  11 
7  4  10  0 
13  14  15  12 

5  3  1  8 
9  6  2  0 
7  4  10  11 
13  14  15  12 

5  3  1  0 
9  6  2  8 
7  4  10  11 
13  14  15  12 

5  3  0  1 
9  6  2  8 
7  4  10  11 
13  14  15  12 

5  0  3  1 
9  6  2  8 
7  4  10  11 
13  14  15  12 

5  6  3  1 
9  0  2  8 
7  4  10  11 
13  14  15  12 

5  6  3  1 
9  4  2  8 
7  0  10  11 
13  14  15  12 

5  6  3  1 
9  4  2  8 
0  7  10  11 
13  14  15  12 

5  6  3  1 
0  4  2  8 
9  7  10  11 
13  14  15  12 

5  6  3  1 
4  0  2  8 
9  7  10  11 
13  14  15  12 

5  6  3  1 
4  7  2  8 
9  0  10  11 
13  14  15  12 

5  6  3  1 
4  7  2  8 
9  10  0  11 
13  14  15  12 

5  6  3  1 
4  7  2  8 
9  10  11  0 
13  14  15  12 

5  6  3  1 
4  7  2  0 
9  10  11  8 
13  14  15  12 

5  6  3  0 
4  7  2  1 
9  10  11  8 
13  14  15  12 

5  6  0  3 
4  7  2  1 
9  10  11  8 
13  14  15  12 

5  6  2  3 
4  7  0  1 
9  10  11  8 
13  14  15  12 

5  6  2  3 
4  0  7  1 
9  10  11  8 
13  14  15  12 

5  0  2  3 
4  6  7  1 
9  10  11  8 
13  14  15  12 

5  2  0  3 
4  6  7  1 
9  10  11  8 
13  14  15  12 

5  2  7  3 
4  6  0  1 
9  10  11  8 
13  14  15  12 

5  2  7  3 
4  0  6  1 
9  10  11  8 
13  14  15  12 

5  2  7  3 
0  4  6  1 
9  10  11  8 
13  14  15  12 

0  2  7  3 
5  4  6  1 
9  10  11  8 
13  14  15  12 

2  0  7  3 
5  4  6  1 
9  10  11  8 
13  14  15  12 

2  4  7  3 
5  0  6  1 
9  10  11  8 
13  14  15  12 

2  4  7  3 
5  6  0  1 
9  10  11  8 
13  14  15  12 

2  4  7  3 
5  6  1  0 
9  10  11  8 
13  14  15  12 

2  4  7  0 
5  6  1  3 
9  10  11  8 
13  14  15  12 

2  4  0  7 
5  6  1  3 
9  10  11  8 
13  14  15  12 

2  0  4  7 
5  6  1  3 
9  10  11  8 
13  14  15  12 

2  6  4  7 
5  0  1  3 
9  10  11  8 
13  14  15  12 

2  6  4  7 
5  1  0  3 
9  10  11  8 
13  14  15  12 

2  6  4  7 
5  1  3  0 
9  10  11  8 
13  14  15  12 

2  6  4  0 
5  1  3  7 
9  10  11  8 
13  14  15  12 

2  6  0  4 
5  1  3  7 
9  10  11  8 
13  14  15  12 

2  6  3  4 
5  1  0  7 
9  10  11  8 
13  14  15  12 

2  6  3  4 
5  1  7  0 
9  10  11  8 
13  14  15  12 

2  6  3  4 
5  1  7  8 
9  10  11  0 
13  14  15  12 

2  6  3  4 
5  1  7  8 
9  10  0  11 
13  14  15  12 

2  6  3  4 
5  1  7  8 
9  0  10  11 
13  14  15  12 

2  6  3  4 
5  1  7  8 
0  9  10  11 
13  14  15  12 

2  6  3  4 
0  1  7  8 
5  9  10  11 
13  14  15  12 

2  6  3  4 
1  0  7  8 
5  9  10  11 
13  14  15  12 

2  0  3  4 
1  6  7  8 
5  9  10  11 
13  14  15  12 

0  2  3  4 
1  6  7  8 
5  9  10  11 
13  14  15  12 

1  2  3  4 
0  6  7  8 
5  9  10  11 
13  14  15  12 

1  2  3  4 
5  6  7  8 
0  9  10  11 
13  14  15  12 

1  2  3  4 
5  6  7  8 
9  0  10  11 
13  14  15  12 

1  2  3  4 
5  6  7  8 
9  10  0  11 
13  14  15  12 

1  2  3  4 
5  6  7  8 
9  10  11  0 
13  14  15  12 

1  2  3  4 
5  6  7  8 
9  10  11  12 
13  14  15  0 

Minimum number of moves = 44
Nodes explored = 250
1  3  0  4 
13  10  6  2 
14  5  8  7 
11  15  9  12 

1  0  3  4 
13  10  6  2 
14  5  8  7 
11  15  9  12 

1  10  3  4 
13  0  6  2 
14  5  8  7 
11  15  9  12 

1  10  3  4 
13  5  6  2 
14  0  8  7 
11  15  9  12 

1  10  3  4 
13  5  6  2 
0  14  8  7 
11  15  9  12 

1  10  3  4 
0  5  6  2 
13  14  8  7 
11  15  9  12 

1  10  3  4 
5  0  6  2 
13  14  8  7 
11  15  9  12 

1  10  3  4 
5  6  0  2 
13  14  8  7 
11  15  9  12 

1  10  3  4 
5  6  8  2 
13  14  0  7 
11  15  9  12 

1  10  3  4 
5  6  8  2 
13  14  9  7 
11  15  0  12 

1  10  3  4 
5  6  8  2 
13  14  9  7 
11  0  15  12 

1  10  3  4 
5  6  8  2 
13  0  9  7 
11  14  15  12 

1  10  3  4 
5  6  8  2 
13  9  0  7 
11  14  15  12 

1  10  3  4 
5  6  8  2 
13  9  7  0 
11  14  15  12 

1  10  3  4 
5  6  8  0 
13  9  7  2 
11  14  15  12 

1  10  3  4 
5  6  0  8 
13  9  7  2 
11  14  15  12 

1  10  3  4 
5  6  7  8 
13  9  0  2 
11  14  15  12 

1  10  3  4 
5  6  7  8 
13  9  2  0 
11  14  15  12 

1  10  3  4 
5  6  7  8 
13  9  2  12 
11  14  15  0 

1  10  3  4 
5  6  7  8 
13  9  2  12 
11  14  0  15 

1  10  3  4 
5  6  7  8 
13  9  2  12 
11  0  14  15 

1  10  3  4 
5  6  7  8 
13  9  2  12 
0  11  14  15 

1  10  3  4 
5  6  7  8 
0  9  2  12 
13  11  14  15 

1  10  3  4 
5  6  7  8 
9  0  2  12 
13  11  14  15 

1  10  3  4 
5  6  7  8 
9  11  2  12 
13  0  14  15 

1  10  3  4 
5  6  7  8 
9  11  2  12 
13  14  0  15 

1  10  3  4 
5  6  7  8 
9  11  2  12 
13  14  15  0 

1  10  3  4 
5  6  7  8 
9  11  2  0 
13  14  15  12 

1  10  3  4 
5  6  7  0 
9  11  2  8 
13  14  15  12 

1  10  3  4 
5  6  0  7 
9  11  2  8 
13  14  15  12 

1  10  3  4 
5  0  6  7 
9  11  2  8 
13  14  15  12 

1  0  3  4 
5  10  6  7 
9  11  2  8 
13  14  15  12 

1  3  0  4 
5  10  6  7 
9  11  2  8 
13  14  15  12 

1  3  6  4 
5  10  0  7 
9  11  2  8 
13  14  15  12 

1  3  6  4 
5  10  2  7 
9  11  0  8 
13  14  15  12 

1  3  6  4 
5  10  2  7 
9  0  11  8 
13  14  15  12 

1  3  6  4 
5  0  2  7 
9  10  11  8 
13  14  15  12 

1  3  6  4 
5  2  0  7 
9  10  11  8 
13  14  15  12 

1  3  0  4 
5  2  6  7 
9  10  11  8 
13  14  15  12 

1  0  3  4 
5  2  6  7 
9  10  11  8 
13  14  15  12 

1  2  3  4 
5  0  6  7 
9  10  11  8 
13  14  15  12 

1  2  3  4 
5  6  0  7 
9  10  11  8 
13  14  15  12 

1  2  3  4 
5  6  7  0 
9  10  11  8 
13  14  15  12 

1  2  3  4 
5  6  7  8 
9  10  11  0 
13  14  15  12 

1  2  3  4 
5  6  7  8 
9  10  11  12 
13  14  15  0 

