Minimum number of moves = 44
1  10  7  11 
6  9  14  2 
13  12  4  3 
15  5  8  0 

1  10  7  11 
6  9  14  2 
13  12  4  3 
15  5  0  8 

1  10  7  11 
6  9  14  2 
13  12  4  3 
15  0  5  8 

1  10  7  11 
6  9  14  2 
13  0  4  3 
15  12  5  8 

1  10  7  11 
6  0  14  2 
13  9  4  3 
15  12  5  8 

1  10  7  11 
6  14  0  2 
13  9  4  3 
15  12  5  8 

1  10  7  11 
6  14  2  0 
13  9  4  3 
15  12  5  8 

1  10  7  0 
6  14  2  11 
13  9  4  3 
15  12  5  8 

1  10  0  7 
6  14  2  11 
13  9  4  3 
15  12  5  8 

1  10  2  7 
6  14  0  11 
13  9  4  3 
15  12  5  8 

1  10  2  7 
6  14  4  11 
13  9  0  3 
15  12  5  8 

1  10  2  7 
6  14  4  11 
13  9  5  3 
15  12  0  8 

1  10  2  7 
6  14  4  11 
13  9  5  3 
15  0  12  8 

1  10  2  7 
6  14  4  11 
13  9  5  3 
0  15  12  8 

1  10  2  7 
6  14  4  11 
0  9  5  3 
13  15  12  8 

1  10  2  7 
6  14  4  11 
9  0  5  3 
13  15  12  8 

1  10  2  7 
6  0  4  11 
9  14  5  3 
13  15  12  8 

1  0  2  7 
6  10  4  11 
9  14  5  3 
13  15  12  8 

1  2  0  7 
6  10  4  11 
9  14  5  3 
13  15  12  8 

1  2  4  7 
6  10  0  11 
9  14  5  3 
13  15  12  8 

1  2  4  7 
6  10  11  0 
9  14  5  3 
13  15  12  8 

1  2  4  7 
6  10  11  3 
9  14  5  0 
13  15  12  8 

1  2  4  7 
6  10  11  3 
9  14  5  8 
13  15  12  0 

1  2  4  7 
6  10  11  3 
9  14  5  8 
13  15  0  12 

1  2  4  7 
6  10  11  3 
9  14  5  8 
13  0  15  12 

1  2  4  7 
6  10  11  3 
9  0  5  8 
13  14  15  12 

1  2  4  7 
6  0  11  3 
9  10  5  8 
13  14  15  12 

1  2  4  7 
0  6  11  3 
9  10  5  8 
13  14  15  12 

1  2  4  7 
9  6  11  3 
0  10  5  8 
13  14  15  12 

1  2  4  7 
9  6  11  3 
10  0  5  8 
13  14  15  12 

1  2  4  7 
9  6  11  3 
10  5  0  8 
13  14  15  12 

1  2  4  7 
9  6  0  3 
10  5  11  8 
13  14  15  12 

1  2  4  7 
9  6  3  0 
10  5  11  8 
13  14  15  12 

1  2  4  0 
9  6  3  7 
10  5  11  8 
13  14  15  12 

1  2  0  4 
9  6  3  7 
10  5  11  8 
13  14  15  12 

1  2  3  4 
9  6  0  7 
10  5  11  8 
13  14  15  12 

1  2  3  4 
9  0  6  7 
10  5  11  8 
13  14  15  12 

1  2  3  4 
9  5  6  7 
10  0  11  8 
13  14  15  12 

1  2  3  4 
9  5  6  7 
0  10  11  8 
13  14  15  12 

1  2  3  4 
0  5  6  7 
9  10  11  8 
13  14  15  12 

1  2  3  4 
5  0  6  7 
9  10  11  8 
13  14  15  12 

1  2  3  4 
5  6  0  7 
9  10  11  8 
13  14  15  12 

1  2  3  4 
5  6  7  0 
9  10  11  8 
13  14  15  12 

1  2  3  4 
5  6  7  8 
9  10  11  0 
13  14  15  12 

1  2  3  4 
5  6  7  8 
9  10  11  12 
13  14  15  0 

Minimum number of moves = 4
0  1  3 
4  2  5 
7  8  6 

1  0  3 
4  2  5 
7  8  6 

1  2  3 
4  0  5 
7  8  6 

1  2  3 
4  5  0 
7  8  6 

1  2  3 
4  5  6 
7  8  0 

