Minimum number of moves = 60
Nodes explored = 3679
9  5  3  10 
1  0  6  15 
13  14  2  7 
8  12  4  11 

9  0  3  10 
1  5  6  15 
13  14  2  7 
8  12  4  11 

0  9  3  10 
1  5  6  15 
13  14  2  7 
8  12  4  11 

1  9  3  10 
0  5  6  15 
13  14  2  7 
8  12  4  11 

1  9  3  10 
5  0  6  15 
13  14  2  7 
8  12  4  11 

1  9  3  10 
5  6  0  15 
13  14  2  7 
8  12  4  11 

1  9  3  10 
5  6  2  15 
13  14  0  7 
8  12  4  11 

1  9  3  10 
5  6  2  15 
13  14  7  0 
8  12  4  11 

1  9  3  10 
5  6  2  0 
13  14  7  15 
8  12  4  11 

1  9  3  0 
5  6  2  10 
13  14  7  15 
8  12  4  11 

1  9  0  3 
5  6  2  10 
13  14  7  15 
8  12  4  11 

1  9  2  3 
5  6  0  10 
13  14  7  15 
8  12  4  11 

1  9  2  3 
5  6  7  10 
13  14  0  15 
8  12  4  11 

1  9  2  3 
5  6  7  10 
13  14  4  15 
8  12  0  11 

1  9  2  3 
5  6  7  10 
13  14  4  15 
8  12  11  0 

1  9  2  3 
5  6  7  10 
13  14  4  0 
8  12  11  15 

1  9  2  3 
5  6  7  10 
13  14  0  4 
8  12  11  15 

1  9  2  3 
5  6  7  10 
13  14  11  4 
8  12  0  15 

1  9  2  3 
5  6  7  10 
13  14  11  4 
8  0  12  15 

1  9  2  3 
5  6  7  10 
13  14  11  4 
0  8  12  15 

1  9  2  3 
5  6  7  10 
0  14  11  4 
13  8  12  15 

1  9  2  3 
0  6  7  10 
5  14  11  4 
13  8  12  15 

1  9  2  3 
6  0  7  10 
5  14  11  4 
13  8  12  15 

1  0  2  3 
6  9  7  10 
5  14  11  4 
13  8  12  15 

1  2  0  3 
6  9  7  10 
5  14  11  4 
13  8  12  15 

1  2  7  3 
6  9  0  10 
5  14  11  4 
13  8  12  15 

1  2  7  3 
6  9  10  0 
5  14  11  4 
13  8  12  15 

1  2  7  3 
6  9  10  4 
5  14  11  0 
13  8  12  15 

1  2  7  3 
6  9  10  4 
5  14  0  11 
13  8  12  15 

1  2  7  3 
6  9  0  4 
5  14  10  11 
13  8  12  15 

1  2  0  3 
6  9  7  4 
5  14  10  11 
13  8  12  15 

1  2  3  0 
6  9  7  4 
5  14  10  11 
13  8  12  15 

1  2  3  4 
6  9  7  0 
5  14  10  11 
13  8  12  15 

1  2  3  4 
6  9  7  11 
5  14  10  0 
13  8  12  15 

1  2  3  4 
6  9  7  11 
5  14  10  15 
13  8  12  0 

1  2  3  4 
6  9  7  11 
5  14  10  15 
13  8  0  12 

1  2  3  4 
6  9  7  11 
5  14  10  15 
13  0  8  12 

1  2  3  4 
6  9  7  11 
5  0  10  15 
13  14  8  12 

1  2  3  4 
6  0  7  11 
5  9  10  15 
13  14  8  12 

1  2  3  4 
0  6  7  11 
5  9  10  15 
13  14  8  12 

1  2  3  4 
5  6  7  11 
0  9  10  15 
13  14  8  12 

1  2  3  4 
5  6  7  11 
9  0  10  15 
13  14  8  12 

1  2  3  4 
5  6  7  11 
9  10  0  15 
13  14  8  12 

1  2  3  4 
5  6  7  11 
9  10  15  0 
13  14  8  12 

1  2  3  4 
5  6  7  11 
9  10  15  12 
13  14  8  0 

1  2  3  4 
5  6  7  11 
9  10  15  12 
13  14  0  8 

1  2  3  4 
5  6  7  11 
9  10  0  12 
13  14  15  8 

1  2  3  4 
5  6  7  11 
9  10  12  0 
13  14  15  8 

1  2  3  4 
5  6  7  0 
9  10  12  11 
13  14  15  8 

1  2  3  4 
5  6  0  7 
9  10  12  11 
13  14  15  8 

1  2  3  4 
5  6  12  7 
9  10  0  11 
13  14  15  8 

1  2  3  4 
5  6  12  7 
9  10  11  0 
13  14  15  8 

1  2  3  4 
5  6  12  7 
9  10  11  8 
13  14  15  0 

1  2  3  4 
5  6  12  7 
9  10  11  8 
13  14  0  15 

1  2  3  4 
5  6  12  7 
9  10  0  8 
13  14  11  15 

1  2  3  4 
5  6  0  7 
9  10  12  8 
13  14  11  15 

1  2  3  4 
5  6  7  0 
9  10  12  8 
13  14  11  15 

1  2  3  4 
5  6  7  8 
9  10  12  0 
13  14  11  15 

1  2  3  4 
5  6  7  8 
9  10  0  12 
13  14  11  15 

1  2  3  4 
5  6  7  8 
9  10  11  12 
13  14  0  15 

1  2  3  4 
5  6  7  8 
9  10  11  12 
13  14  15  0 

Minimum number of moves = 54
Nodes explored = 828
9  5  1  2 
11  6  4  15 
14  7  13  8 
10  12  3  0 

9  5  1  2 
11  6  4  15 
14  7  13  8 
10  12  0  3 

9  5  1  2 
11  6  4  15 
14  7  0  8 
10  12  13  3 

9  5  1  2 
11  6  4  15 
14  0  7  8 
10  12  13  3 

9  5  1  2 
11  6  4  15 
0  14  7  8 
10  12  13  3 

9  5  1  2 
0  6  4  15 
11  14  7  8 
10  12  13  3 

0  5  1  2 
9  6  4  15 
11  14  7  8 
10  12  13  3 

5  0  1  2 
9  6  4  15 
11  14  7  8 
10  12  13  3 

5  1  0  2 
9  6  4  15 
11  14  7  8 
10  12  13  3 

5  1  2  0 
9  6  4  15 
11  14  7  8 
10  12  13  3 

5  1  2  15 
9  6  4  0 
11  14  7  8 
10  12  13  3 

5  1  2  15 
9  6  0  4 
11  14  7  8 
10  12  13  3 

5  1  2  15 
9  6  7  4 
11  14  0  8 
10  12  13  3 

5  1  2  15 
9  6  7  4 
11  14  13  8 
10  12  0  3 

5  1  2  15 
9  6  7  4 
11  14  13  8 
10  0  12  3 

5  1  2  15 
9  6  7  4 
11  0  13  8 
10  14  12  3 

5  1  2  15 
9  6  7  4 
11  13  0  8 
10  14  12  3 

5  1  2  15 
9  6  7  4 
11  13  8  0 
10  14  12  3 

5  1  2  15 
9  6  7  4 
11  13  8  3 
10  14  12  0 

5  1  2  15 
9  6  7  4 
11  13  8  3 
10  14  0  12 

5  1  2  15 
9  6  7  4 
11  13  8  3 
10  0  14  12 

5  1  2  15 
9  6  7  4 
11  0  8  3 
10  13  14  12 

5  1  2  15 
9  6  7  4 
0  11  8  3 
10  13  14  12 

5  1  2  15 
9  6  7  4 
10  11  8  3 
0  13  14  12 

5  1  2  15 
9  6  7  4 
10  11  8  3 
13  0  14  12 

5  1  2  15 
9  6  7  4 
10  0  8  3 
13  11  14  12 

5  1  2  15 
9  6  7  4 
0  10  8  3 
13  11  14  12 

5  1  2  15 
0  6  7  4 
9  10  8  3 
13  11  14  12 

0  1  2  15 
5  6  7  4 
9  10  8  3 
13  11  14  12 

1  0  2  15 
5  6  7  4 
9  10  8  3 
13  11  14  12 

1  2  0  15 
5  6  7  4 
9  10  8  3 
13  11  14  12 

1  2  15  0 
5  6  7  4 
9  10  8  3 
13  11  14  12 

1  2  15  4 
5  6  7  0 
9  10  8  3 
13  11  14  12 

1  2  15  4 
5  6  0  7 
9  10  8  3 
13  11  14  12 

1  2  0  4 
5  6  15  7 
9  10  8  3 
13  11  14  12 

1  2  4  0 
5  6  15  7 
9  10  8  3 
13  11  14  12 

1  2  4  7 
5  6  15  0 
9  10  8  3 
13  11  14  12 

1  2  4  7 
5  6  15  3 
9  10  8  0 
13  11  14  12 

1  2  4  7 
5  6  15  3 
9  10  0  8 
13  11  14  12 

1  2  4  7 
5  6  0  3 
9  10  15  8 
13  11  14  12 

1  2  4  7 
5  6  3  0 
9  10  15  8 
13  11  14  12 

1  2  4  0 
5  6  3  7 
9  10  15  8 
13  11  14  12 

1  2  0  4 
5  6  3  7 
9  10  15  8 
13  11  14  12 

1  2  3  4 
5  6  0  7 
9  10  15  8 
13  11  14  12 

1  2  3  4 
5  0  6  7 
9  10  15  8 
13  11  14  12 

1  2  3  4 
5  10  6  7 
9  0  15  8 
13  11  14  12 

1  2  3  4 
5  10  6  7 
9  11  15  8 
13  0  14  12 

1  2  3  4 
5  10  6  7 
9  11  15  8 
13  14  0  12 

1  2  3  4 
5  10  6  7 
9  11  0  8 
13  14  15  12 

1  2  3  4 
5  10  6  7 
9  0  11  8 
13  14  15  12 

1  2  3  4 
5  0  6  7 
9  10  11  8 
13  14  15  12 

1  2  3  4 
5  6  0  7 
9  10  11  8 
13  14  15  12 

1  2  3  4 
5  6  7  0 
9  10  11  8 
13  14  15  12 

1  2  3  4 
5  6  7  8 
9  10  11  0 
13  14  15  12 

1  2  3  4 
5  6  7  8 
9  10  11  12 
13  14  15  0 

Minimum number of moves = 56
Nodes explored = 664
0  15  1  3 
5  9  11  10 
14  2  12  6 
13  4  8  7 

5  15  1  3 
0  9  11  10 
14  2  12  6 
13  4  8  7 

5  15  1  3 
9  0  11  10 
14  2  12  6 
13  4  8  7 

5  0  1  3 
9  15  11  10 
14  2  12  6 
13  4  8  7 

5  1  0  3 
9  15  11  10 
14  2  12  6 
13  4  8  7 

5  1  3  0 
9  15  11  10 
14  2  12  6 
13  4  8  7 

5  1  3  10 
9  15  11  0 
14  2  12  6 
13  4  8  7 

5  1  3  10 
9  15  11  6 
14  2  12  0 
13  4  8  7 

5  1  3  10 
9  15  11  6 
14  2  0  12 
13  4  8  7 

5  1  3  10 
9  15  0  6 
14  2  11  12 
13  4  8  7 

5  1  3  10 
9  0  15  6 
14  2  11  12 
13  4  8  7 

5  1  3  10 
9  2  15  6 
14  0  11  12 
13  4  8  7 

5  1  3  10 
9  2  15  6 
0  14  11  12 
13  4  8  7 

5  1  3  10 
0  2  15  6 
9  14  11  12 
13  4  8  7 

0  1  3  10 
5  2  15  6 
9  14  11  12 
13  4  8  7 

1  0  3  10 
5  2  15  6 
9  14  11  12 
13  4  8  7 

1  2  3  10 
5  0  15  6 
9  14  11  12 
13  4  8  7 

1  2  3  10 
5  15  0  6 
9  14  11  12 
13  4  8  7 

1  2  3  10 
5  15  6  0 
9  14  11  12 
13  4  8  7 

1  2  3  10 
5  15  6  12 
9  14  11  0 
13  4  8  7 

1  2  3  10 
5  15  6  12 
9  14  0  11 
13  4  8  7 

1  2  3  10 
5  15  6  12 
9  14  8  11 
13  4  0  7 

1  2  3  10 
5  15  6  12 
9  14  8  11 
13  0  4  7 

1  2  3  10 
5  15  6  12 
9  0  8  11 
13  14  4  7 

1  2  3  10 
5  0  6  12 
9  15  8  11 
13  14  4  7 

1  2  3  10 
5  6  0  12 
9  15  8  11 
13  14  4  7 

1  2  3  10 
5  6  8  12 
9  15  0  11 
13  14  4  7 

1  2  3  10 
5  6  8  12 
9  15  4  11 
13  14  0  7 

1  2  3  10 
5  6  8  12 
9  15  4  11 
13  14  7  0 

1  2  3  10 
5  6  8  12 
9  15  4  0 
13  14  7  11 

1  2  3  10 
5  6  8  0 
9  15  4  12 
13  14  7  11 

1  2  3  0 
5  6  8  10 
9  15  4  12 
13  14  7  11 

1  2  0  3 
5  6  8  10 
9  15  4  12 
13  14  7  11 

1  2  8  3 
5  6  0  10 
9  15  4  12 
13  14  7  11 

1  2  8  3 
5  6  4  10 
9  15  0  12 
13  14  7  11 

1  2  8  3 
5  6  4  10 
9  15  7  12 
13  14  0  11 

1  2  8  3 
5  6  4  10 
9  15  7  12 
13  14  11  0 

1  2  8  3 
5  6  4  10 
9  15  7  0 
13  14  11  12 

1  2  8  3 
5  6  4  0 
9  15  7  10 
13  14  11  12 

1  2  8  3 
5  6  0  4 
9  15  7  10 
13  14  11  12 

1  2  0  3 
5  6  8  4 
9  15  7  10 
13  14  11  12 

1  2  3  0 
5  6  8  4 
9  15  7  10 
13  14  11  12 

1  2  3  4 
5  6  8  0 
9  15  7  10 
13  14  11  12 

1  2  3  4 
5  6  0  8 
9  15  7  10 
13  14  11  12 

1  2  3  4 
5  6  7  8 
9  15  0  10 
13  14  11  12 

1  2  3  4 
5  6  7  8 
9  0  15  10 
13  14  11  12 

1  2  3  4 
5  6  7  8 
9  14  15  10 
13  0  11  12 

1  2  3  4 
5  6  7  8 
9  14  15  10 
13  11  0  12 

1  2  3  4 
5  6  7  8 
9  14  0  10 
13  11  15  12 

1  2  3  4 
5  6  7  8 
9  14  10  0 
13  11  15  12 

1  2  3  4 
5  6  7  8 
9  14  10  12 
13  11  15  0 

1  2  3  4 
5  6  7  8 
9  14  10  12 
13  11  0  15 

1  2  3  4 
5  6  7  8 
9  14  10  12 
13  0  11  15 

1  2  3  4 
5  6  7  8 
9  0  10  12 
13  14  11  15 

1  2  3  4 
5  6  7  8 
9  10  0  12 
13  14  11  15 

1  2  3  4 
5  6  7  8 
9  10  11  12 
13  14  0  15 

1  2  3  4 
5  6  7  8 
9  10  11  12 
13  14  15  0 

Minimum number of moves = 50
Nodes explored = 1196
13  1  3  4 
7  5  9  0 
15  2  11  12 
6  8  10  14 

13  1  3  4 
7  5  0  9 
15  2  11  12 
6  8  10  14 

13  1  3  4 
7  0  5  9 
15  2  11  12 
6  8  10  14 

13  1  3  4 
7  2  5  9 
15  0  11  12 
6  8  10  14 

13  1  3  4 
7  2  5  9 
0  15  11  12 
6  8  10  14 

13  1  3  4 
0  2  5  9 
7  15  11  12 
6  8  10  14 

0  1  3  4 
13  2  5  9 
7  15  11  12 
6  8  10  14 

1  0  3  4 
13  2  5  9 
7  15  11  12 
6  8  10  14 

1  2  3  4 
13  0  5  9 
7  15  11  12 
6  8  10  14 

1  2  3  4 
13  5  0  9 
7  15  11  12 
6  8  10  14 

1  2  3  4 
13  5  11  9 
7  15  0  12 
6  8  10  14 

1  2  3  4 
13  5  11  9 
7  0  15  12 
6  8  10  14 

1  2  3  4 
13  5  11  9 
7  8  15  12 
6  0  10  14 

1  2  3  4 
13  5  11  9 
7  8  15  12 
0  6  10  14 

1  2  3  4 
13  5  11  9 
0  8  15  12 
7  6  10  14 

1  2  3  4 
0  5  11  9 
13  8  15  12 
7  6  10  14 

1  2  3  4 
5  0  11  9 
13  8  15  12 
7  6  10  14 

1  2  3  4 
5  8  11  9 
13  0  15  12 
7  6  10  14 

1  2  3  4 
5  8  11  9 
13  6  15  12 
7  0  10  14 

1  2  3  4 
5  8  11  9 
13  6  15  12 
7  10  0  14 

1  2  3  4 
5  8  11  9 
13  6  15  12 
7  10  14  0 

1  2  3  4 
5  8  11  9 
13  6  15  0 
7  10  14  12 

1  2  3  4 
5  8  11  0 
13  6  15  9 
7  10  14  12 

1  2  3  4 
5  8  0  11 
13  6  15  9 
7  10  14  12 

1  2  3  4 
5  0  8  11 
13  6  15  9 
7  10  14  12 

1  2  3  4 
5  6  8  11 
13  0  15  9 
7  10  14  12 

1  2  3  4 
5  6  8  11 
13  10  15  9 
7  0  14  12 

1  2  3  4 
5  6  8  11 
13  10  15  9 
7  14  0  12 

1  2  3  4 
5  6  8  11 
13  10  0  9 
7  14  15  12 

1  2  3  4 
5  6  8  11 
13  10  9  0 
7  14  15  12 

1  2  3  4 
5  6  8  0 
13  10  9  11 
7  14  15  12 

1  2  3  4 
5  6  0  8 
13  10  9  11 
7  14  15  12 

1  2  3  4 
5  0  6  8 
13  10  9  11 
7  14  15  12 

1  2  3  4 
5  10  6  8 
13  0  9  11 
7  14  15  12 

1  2  3  4 
5  10  6  8 
13  9  0  11 
7  14  15  12 

1  2  3  4 
5  10  6  8 
13  9  11  0 
7  14  15  12 

1  2  3  4 
5  10  6  8 
13  9  11  12 
7  14  15  0 

1  2  3  4 
5  10  6  8 
13  9  11  12 
7  14  0  15 

1  2  3  4 
5  10  6  8 
13  9  11  12 
7  0  14  15 

1  2  3  4 
5  10  6  8 
13  9  11  12 
0  7  14  15 

1  2  3  4 
5  10  6  8 
0  9  11  12 
13  7  14  15 

1  2  3  4 
5  10  6  8 
9  0  11  12 
13  7  14  15 

1  2  3  4 
5  10  6  8 
9  7  11  12 
13  0  14  15 

1  2  3  4 
5  10  6  8 
9  7  11  12 
13  14  0  15 

1  2  3  4 
5  10  6  8 
9  7  0  12 
13  14  11  15 

1  2  3  4 
5  10  6  8 
9  0  7  12 
13  14  11  15 

1  2  3  4 
5  0  6  8 
9  10  7  12 
13  14  11  15 

1  2  3  4 
5  6  0  8 
9  10  7  12 
13  14  11  15 

1  2  3  4 
5  6  7  8 
9  10  0  12 
13  14  11  15 

1  2  3  4 
5  6  7  8 
9  10  11  12 
13  14  0  15 

1  2  3  4 
5  6  7  8 
9  10  11  12 
13  14  15  0 

Minimum number of moves = 28
Nodes explored = 1727
1  12  2  7 
9  6  3  0 
13  5  10  4 
14  11  15  8 

1  12  2  7 
9  6  0  3 
13  5  10  4 
14  11  15  8 

1  12  2  7 
9  0  6  3 
13  5  10  4 
14  11  15  8 

1  0  2  7 
9  12  6  3 
13  5  10  4 
14  11  15  8 

1  2  0  7 
9  12  6  3 
13  5  10  4 
14  11  15  8 

1  2  7  0 
9  12  6  3 
13  5  10  4 
14  11  15  8 

1  2  7  3 
9  12  6  0 
13  5  10  4 
14  11  15  8 

1  2  7  3 
9  12  0  6 
13  5  10  4 
14  11  15  8 

1  2  7  3 
9  0  12  6 
13  5  10  4 
14  11  15  8 

1  2  7  3 
9  5  12  6 
13  0  10  4 
14  11  15  8 

1  2  7  3 
9  5  12  6 
13  10  0  4 
14  11  15  8 

1  2  7  3 
9  5  0  6 
13  10  12  4 
14  11  15  8 

1  2  7  3 
9  5  6  0 
13  10  12  4 
14  11  15  8 

1  2  7  3 
9  5  6  4 
13  10  12  0 
14  11  15  8 

1  2  7  3 
9  5  6  4 
13  10  12  8 
14  11  15  0 

1  2  7  3 
9  5  6  4 
13  10  12  8 
14  11  0  15 

1  2  7  3 
9  5  6  4 
13  10  12  8 
14  0  11  15 

1  2  7  3 
9  5  6  4 
13  10  12  8 
0  14  11  15 

1  2  7  3 
9  5  6  4 
0  10  12  8 
13  14  11  15 

1  2  7  3 
0  5  6  4 
9  10  12  8 
13  14  11  15 

1  2  7  3 
5  0  6  4 
9  10  12  8 
13  14  11  15 

1  2  7  3 
5  6  0  4 
9  10  12  8 
13  14  11  15 

1  2  0  3 
5  6  7  4 
9  10  12  8 
13  14  11  15 

1  2  3  0 
5  6  7  4 
9  10  12  8 
13  14  11  15 

1  2  3  4 
5  6  7  0 
9  10  12  8 
13  14  11  15 

1  2  3  4 
5  6  7  8 
9  10  12  0 
13  14  11  15 

1  2  3  4 
5  6  7  8 
9  10  0  12 
13  14  11  15 

1  2  3  4 
5  6  7  8 
9  10  11  12 
13  14  0  15 

1  2  3  4 
5  6  7  8 
9  10  11  12 
13  14  15  0 

Minimum number of moves = 40
Nodes explored = 3841
2  3  12  4 
9  7  15  6 
10  5  0  1 
13  14  11  8 

2  3  12  4 
9  7  15  6 
10  5  1  0 
13  14  11  8 

2  3  12  4 
9  7  15  0 
10  5  1  6 
13  14  11  8 

2  3  12  4 
9  7  0  15 
10  5  1  6 
13  14  11  8 

2  3  12  4 
9  0  7  15 
10  5  1  6 
13  14  11  8 

2  3  12  4 
9  5  7  15 
10  0  1  6 
13  14  11  8 

2  3  12  4 
9  5  7  15 
10  1  0  6 
13  14  11  8 

2  3  12  4 
9  5  7  15 
10  1  6  0 
13  14  11  8 

2  3  12  4 
9  5  7  0 
10  1  6  15 
13  14  11  8 

2  3  12  4 
9  5  0  7 
10  1  6  15 
13  14  11  8 

2  3  0  4 
9  5  12  7 
10  1  6  15 
13  14  11  8 

2  0  3  4 
9  5  12  7 
10  1  6  15 
13  14  11  8 

2  5  3  4 
9  0  12  7 
10  1  6  15 
13  14  11  8 

2  5  3  4 
9  1  12  7 
10  0  6  15 
13  14  11  8 

2  5  3  4 
9  1  12  7 
0  10  6  15 
13  14  11  8 

2  5  3  4 
0  1  12  7 
9  10  6  15 
13  14  11  8 

2  5  3  4 
1  0  12  7 
9  10  6  15 
13  14  11  8 

2  0  3  4 
1  5  12  7 
9  10  6  15 
13  14  11  8 

0  2  3  4 
1  5  12  7 
9  10  6  15 
13  14  11  8 

1  2  3  4 
0  5  12  7 
9  10  6  15 
13  14  11  8 

1  2  3  4 
5  0  12  7 
9  10  6  15 
13  14  11  8 

1  2  3  4 
5  12  0  7 
9  10  6  15 
13  14  11  8 

1  2  3  4 
5  12  6  7 
9  10  0  15 
13  14  11  8 

1  2  3  4 
5  12  6  7 
9  10  15  0 
13  14  11  8 

1  2  3  4 
5  12  6  7 
9  10  15  8 
13  14  11  0 

1  2  3  4 
5  12  6  7 
9  10  15  8 
13  14  0  11 

1  2  3  4 
5  12  6  7 
9  10  15  8 
13  0  14  11 

1  2  3  4 
5  12  6  7 
9  0  15  8 
13  10  14  11 

1  2  3  4 
5  0  6  7 
9  12  15  8 
13  10  14  11 

1  2  3  4 
5  6  0  7 
9  12  15  8 
13  10  14  11 

1  2  3  4 
5  6  7  0 
9  12  15  8 
13  10  14  11 

1  2  3  4 
5  6  7  8 
9  12  15  0 
13  10  14  11 

1  2  3  4 
5  6  7  8 
9  12  0  15 
13  10  14  11 

1  2  3  4 
5  6  7  8 
9  0  12  15 
13  10  14  11 

1  2  3  4 
5  6  7  8 
9  10  12  15 
13  0  14  11 

1  2  3  4 
5  6  7  8 
9  10  12  15 
13  14  0  11 

1  2  3  4 
5  6  7  8 
9  10  12  15 
13  14  11  0 

1  2  3  4 
5  6  7  8 
9  10  12  0 
13  14  11  15 

1  2  3  4 
5  6  7  8 
9  10  0  12 
13  14  11  15 

1  2  3  4 
5  6  7  8 
9  10  11  12 
13  14  0  15 

1  2  3  4 
5  6  7  8 
9  10  11  12 
13  14  15  0 

Minimum number of moves = 52
Nodes explored = 2060
10  6  4  8 
3  1  9  0 
13  5  11  14 
2  7  12  15 

10  6  4  0 
3  1  9  8 
13  5  11  14 
2  7  12  15 

10  6  0  4 
3  1  9  8 
13  5  11  14 
2  7  12  15 

10  0  6  4 
3  1  9  8 
13  5  11  14 
2  7  12  15 

10  1  6  4 
3  0  9  8 
13  5  11  14 
2  7  12  15 

10  1  6  4 
0  3  9  8 
13  5  11  14 
2  7  12  15 

0  1  6  4 
10  3  9  8 
13  5  11  14 
2  7  12  15 

1  0  6  4 
10  3  9  8 
13  5  11  14 
2  7  12  15 

1  3  6  4 
10  0  9  8 
13  5  11  14 
2  7  12  15 

1  3  6  4 
10  5  9  8 
13  0  11  14 
2  7  12  15 

1  3  6  4 
10  5  9  8 
13  7  11  14 
2  0  12  15 

1  3  6  4 
10  5  9  8 
13  7  11  14 
0  2  12  15 

1  3  6  4 
10  5  9  8 
0  7  11  14 
13  2  12  15 

1  3  6  4 
0  5  9  8 
10  7  11  14 
13  2  12  15 

1  3  6  4 
5  0  9  8 
10  7  11  14 
13  2  12  15 

1  3  6  4 
5  7  9  8 
10  0  11  14 
13  2  12  15 

1  3  6  4 
5  7  9  8 
10  2  11  14 
13  0  12  15 

1  3  6  4 
5  7  9  8 
10  2  11  14 
13  12  0  15 

1  3  6  4 
5  7  9  8 
10  2  0  14 
13  12  11  15 

1  3  6  4 
5  7  0  8 
10  2  9  14 
13  12  11  15 

1  3  6  4 
5  0  7  8 
10  2  9  14 
13  12  11  15 

1  3  6  4 
5  2  7  8 
10  0  9  14 
13  12  11  15 

1  3  6  4 
5  2  7  8 
10  9  0  14 
13  12  11  15 

1  3  6  4 
5  2  0  8 
10  9  7  14 
13  12  11  15 

1  3  0  4 
5  2  6  8 
10  9  7  14 
13  12  11  15 

1  0  3  4 
5  2  6  8 
10  9  7  14 
13  12  11  15 

1  2  3  4 
5  0  6  8 
10  9  7  14 
13  12  11  15 

1  2  3  4 
5  6  0  8 
10  9  7  14 
13  12  11  15 

1  2  3  4 
5  6  7  8 
10  9  0  14 
13  12  11  15 

1  2  3  4 
5  6  7  8 
10  9  14  0 
13  12  11  15 

1  2  3  4 
5  6  7  8 
10  9  14  15 
13  12  11  0 

1  2  3  4 
5  6  7  8 
10  9  14  15 
13  12  0  11 

1  2  3  4 
5  6  7  8 
10  9  14  15 
13  0  12  11 

1  2  3  4 
5  6  7  8 
10  0  14  15 
13  9  12  11 

1  2  3  4 
5  6  7  8 
10  14  0  15 
13  9  12  11 

1  2  3  4 
5  6  7  8 
10  14  15  0 
13  9  12  11 

1  2  3  4 
5  6  7  8 
10  14  15  11 
13  9  12  0 

1  2  3  4 
5  6  7  8 
10  14  15  11 
13  9  0  12 

1  2  3  4 
5  6  7  8 
10  14  15  11 
13  0  9  12 

1  2  3  4 
5  6  7  8 
10  0  15  11 
13  14  9  12 

1  2  3  4 
5  6  7  8 
0  10  15  11 
13  14  9  12 

1  2  3  4 
5  6  7  8 
13  10  15  11 
0  14  9  12 

1  2  3  4 
5  6  7  8 
13  10  15  11 
14  0  9  12 

1  2  3  4 
5  6  7  8 
13  10  15  11 
14  9  0  12 

1  2  3  4 
5  6  7  8 
13  10  0  11 
14  9  15  12 

1  2  3  4 
5  6  7  8 
13  0  10  11 
14  9  15  12 

1  2  3  4 
5  6  7  8 
13  9  10  11 
14  0  15  12 

1  2  3  4 
5  6  7  8 
13  9  10  11 
0  14  15  12 

1  2  3  4 
5  6  7  8 
0  9  10  11 
13  14  15  12 

1  2  3  4 
5  6  7  8 
9  0  10  11 
13  14  15  12 

1  2  3  4 
5  6  7  8 
9  10  0  11 
13  14  15  12 

1  2  3  4 
5  6  7  8 
9  10  11  0 
13  14  15  12 

1  2  3  4 
5  6  7  8 
9  10  11  12 
13  14  15  0 

Minimum number of moves = 48
Nodes explored = 1189
1  7  3  9 
2  5  6  0 
11  10  14  12 
13  15  4  8 

1  7  3  0 
2  5  6  9 
11  10  14  12 
13  15  4  8 

1  7  0  3 
2  5  6  9 
11  10  14  12 
13  15  4  8 

1  0  7  3 
2  5  6  9 
11  10  14  12 
13  15  4  8 

1  5  7  3 
2  0  6  9 
11  10  14  12 
13  15  4  8 

1  5  7  3 
2  10  6  9 
11  0  14  12 
13  15  4  8 

1  5  7  3 
2  10  6  9 
11  14  0  12 
13  15  4  8 

1  5  7  3 
2  10  6  9 
11  14  4  12 
13  15  0  8 

1  5  7  3 
2  10  6  9 
11  14  4  12 
13  15  8  0 

1  5  7  3 
2  10  6  9 
11  14  4  0 
13  15  8  12 

1  5  7  3 
2  10  6  9 
11  14  0  4 
13  15  8  12 

1  5  7  3 
2  10  6  9 
11  14  8  4 
13  15  0  12 

1  5  7  3 
2  10  6  9 
11  14  8  4 
13  0  15  12 

1  5  7  3 
2  10  6  9 
11  0  8  4 
13  14  15  12 

1  5  7  3 
2  10  6  9 
0  11  8  4 
13  14  15  12 

1  5  7  3 
0  10  6  9 
2  11  8  4 
13  14  15  12 

1  5  7  3 
10  0  6  9 
2  11  8  4 
13  14  15  12 

1  5  7  3 
10  6  0  9 
2  11  8  4 
13  14  15  12 

1  5  7  3 
10  6  9  0 
2  11  8  4 
13  14  15  12 

1  5  7  3 
10  6  9  4 
2  11  8  0 
13  14  15  12 

1  5  7  3 
10  6  9  4 
2  11  0  8 
13  14  15  12 

1  5  7  3 
10  6  9  4 
2  0  11  8 
13  14  15  12 

1  5  7  3 
10  6  9  4 
0  2  11  8 
13  14  15  12 

1  5  7  3 
0  6  9  4 
10  2  11  8 
13  14  15  12 

1  5  7  3 
6  0  9  4 
10  2  11  8 
13  14  15  12 

1  0  7  3 
6  5  9  4 
10  2  11  8 
13  14  15  12 

0  1  7  3 
6  5  9  4 
10  2  11  8 
13  14  15  12 

6  1  7  3 
0  5  9  4 
10  2  11  8 
13  14  15  12 

6  1  7  3 
5  0  9  4 
10  2  11  8 
13  14  15  12 

6  1  7  3 
5  2  9  4 
10  0  11  8 
13  14  15  12 

6  1  7  3 
5  2  9  4 
0  10  11  8 
13  14  15  12 

6  1  7  3 
0  2  9  4 
5  10  11  8 
13  14  15  12 

0  1  7  3 
6  2  9  4 
5  10  11  8 
13  14  15  12 

1  0  7  3 
6  2  9  4 
5  10  11  8 
13  14  15  12 

1  2  7  3 
6  0  9  4 
5  10  11  8 
13  14  15  12 

1  2  7  3 
6  9  0  4 
5  10  11  8 
13  14  15  12 

1  2  0  3 
6  9  7  4 
5  10  11  8 
13  14  15  12 

1  2  3  0 
6  9  7  4 
5  10  11  8 
13  14  15  12 

1  2  3  4 
6  9  7  0 
5  10  11  8 
13  14  15  12 

1  2  3  4 
6  9  7  8 
5  10  11  0 
13  14  15  12 

1  2  3  4 
6  9  7  8 
5  10  0  11 
13  14  15  12 

1  2  3  4 
6  9  7  8 
5  0  10  11 
13  14  15  12 

1  2  3  4 
6  0  7  8 
5  9  10  11 
13  14  15  12 

1  2  3  4 
0  6  7  8 
5  9  10  11 
13  14  15  12 

1  2  3  4 
5  6  7  8 
0  9  10  11 
13  14  15  12 

1  2  3  4 
5  6  7  8 
9  0  10  11 
13  14  15  12 

1  2  3  4 
5  6  7  8 
9  10  0  11 
13  14  15  12 

1  2  3  4 
5  6  7  8 
9  10  11  0 
13  14  15  12 

1  2  3  4 
5  6  7  8 
9  10  11  12 
13  14  15  0 

Minimum number of moves = 36
Nodes explored = 220
5  3  1  8 
9  6  2  11 
7  4  10  12 
13  14  15  0 

5  3  1  8 
9  6  2  11 
7  4  10  12 
13  14  0  15 

5  3  1  8 
9  6  2  11 
7  4  0  12 
13  14  10  15 

5  3  1  8 
9  6  2  11 
7  0  4  12 
13  14  10  15 

5  3  1  8 
9  6  2  11 
0  7  4  12 
13  14  10  15 

5  3  1  8 
0  6  2  11 
9  7  4  12 
13  14  10  15 

5  3  1  8 
6  0  2  11 
9  7  4  12 
13  14  10  15 

5  0  1  8 
6  3  2  11 
9  7  4  12 
13  14  10  15 

5  1  0  8 
6  3  2  11 
9  7  4  12 
13  14  10  15 

5  1  2  8 
6  3  0  11 
9  7  4  12 
13  14  10  15 

5  1  2  8 
6  0  3  11 
9  7  4  12 
13  14  10  15 

5  1  2  8 
0  6  3  11 
9  7  4  12 
13  14  10  15 

0  1  2  8 
5  6  3  11 
9  7  4  12 
13  14  10  15 

1  0  2  8 
5  6  3  11 
9  7  4  12 
13  14  10  15 

1  2  0  8 
5  6  3  11 
9  7  4  12 
13  14  10  15 

1  2  3  8 
5  6  0  11 
9  7  4  12 
13  14  10  15 

1  2  3  8 
5  6  4  11 
9  7  0  12 
13  14  10  15 

1  2  3  8 
5  6  4  11 
9  7  10  12 
13  14  0  15 

1  2  3  8 
5  6  4  11 
9  7  10  12 
13  14  15  0 

1  2  3  8 
5  6  4  11 
9  7  10  0 
13  14  15  12 

1  2  3  8 
5  6  4  0 
9  7  10  11 
13  14  15  12 

1  2  3  0 
5  6  4  8 
9  7  10  11 
13  14  15  12 

1  2  0  3 
5  6  4  8 
9  7  10  11 
13  14  15  12 

1  0  2  3 
5  6  4  8 
9  7  10  11 
13  14  15  12 

1  6  2  3 
5  0  4  8 
9  7  10  11 
13  14  15  12 

1  6  2  3 
5  7  4  8 
9  0  10  11 
13  14  15  12 

1  6  2  3 
5  7  4  8 
9  10  0  11 
13  14  15  12 

1  6  2  3 
5  7  4  8 
9  10  11  0 
13  14  15  12 

1  6  2  3 
5  7  4  0 
9  10  11  8 
13  14  15  12 

1  6  2  3 
5  7  0  4 
9  10  11  8 
13  14  15  12 

1  6  2  3 
5  0  7  4 
9  10  11  8 
13  14  15  12 

1  0  2  3 
5  6  7  4 
9  10  11  8 
13  14  15  12 

1  2  0  3 
5  6  7  4 
9  10  11  8 
13  14  15  12 

1  2  3  0 
5  6  7  4 
9  10  11  8 
13  14  15  12 

1  2  3  4 
5  6  7  0 
9  10  11  8 
13  14  15  12 

1  2  3  4 
5  6  7  8 
9  10  11  0 
13  14  15  12 

1  2  3  4 
5  6  7  8 
9  10  11  12 
13  14  15  0 

Minimum number of moves = 42
Nodes explored = 1063
1  3  0  4 
13  10  6  2 
14  5  8  7 
11  15  9  12 

1  3  6  4 
13  10  0  2 
14  5  8  7 
11  15  9  12 

1  3  6  4 
13  10  8  2 
14  5  0  7 
11  15  9  12 

1  3  6  4 
13  10  8  2 
14  5  9  7 
11  15  0  12 

1  3  6  4 
13  10  8  2 
14  5  9  7 
11  0  15  12 

1  3  6  4 
13  10  8  2 
14  5  9  7 
0  11  15  12 

1  3  6  4 
13  10  8  2 
0  5  9  7 
14  11  15  12 

1  3  6  4 
0  10  8  2 
13  5  9  7 
14  11  15  12 

1  3  6  4 
10  0  8  2 
13  5  9  7 
14  11  15  12 

1  3  6  4 
10  5  8  2 
13  0  9  7 
14  11  15  12 

1  3  6  4 
10  5  8  2 
13  9  0  7 
14  11  15  12 

1  3  6  4 
10  5  8  2 
13  9  7  0 
14  11  15  12 

1  3  6  4 
10  5  8  0 
13  9  7  2 
14  11  15  12 

1  3  6  4 
10  5  0  8 
13  9  7  2 
14  11  15  12 

1  3  6  4 
10  5  7  8 
13  9  0  2 
14  11  15  12 

1  3  6  4 
10  5  7  8 
13  9  2  0 
14  11  15  12 

1  3  6  4 
10  5  7  8 
13  9  2  12 
14  11  15  0 

1  3  6  4 
10  5  7  8 
13  9  2  12 
14  11  0  15 

1  3  6  4 
10  5  7  8 
13  9  2  12 
14  0  11  15 

1  3  6  4 
10  5  7  8 
13  9  2  12 
0  14  11  15 

1  3  6  4 
10  5  7  8 
0  9  2  12 
13  14  11  15 

1  3  6  4 
10  5  7  8 
9  0  2  12 
13  14  11  15 

1  3  6  4 
10  5  7  8 
9  2  0  12 
13  14  11  15 

1  3  6  4 
10  5  7  8 
9  2  11  12 
13  14  0  15 

1  3  6  4 
10  5  7  8 
9  2  11  12 
13  0  14  15 

1  3  6  4 
10  5  7  8 
9  2  11  12 
0  13  14  15 

1  3  6  4 
10  5  7  8 
0  2  11  12 
9  13  14  15 

1  3  6  4 
0  5  7  8 
10  2  11  12 
9  13  14  15 

1  3  6  4 
5  0  7  8 
10  2  11  12 
9  13  14  15 

1  3  6  4 
5  2  7  8 
10  0  11  12 
9  13  14  15 

1  3  6  4 
5  2  7  8 
0  10  11  12 
9  13  14  15 

1  3  6  4 
5  2  7  8 
9  10  11  12 
0  13  14  15 

1  3  6  4 
5  2  7  8 
9  10  11  12 
13  0  14  15 

1  3  6  4 
5  2  7  8 
9  10  11  12 
13  14  0  15 

1  3  6  4 
5  2  7  8 
9  10  0  12 
13  14  11  15 

1  3  6  4 
5  2  0  8 
9  10  7  12 
13  14  11  15 

1  3  0  4 
5  2  6  8 
9  10  7  12 
13  14  11  15 

1  0  3  4 
5  2  6  8 
9  10  7  12 
13  14  11  15 

1  2  3  4 
5  0  6  8 
9  10  7  12 
13  14  11  15 

1  2  3  4 
5  6  0  8 
9  10  7  12 
13  14  11  15 

1  2  3  4 
5  6  7  8 
9  10  0  12 
13  14  11  15 

1  2  3  4 
5  6  7  8 
9  10  11  12 
13  14  0  15 

1  2  3  4 
5  6  7  8 
9  10  11  12 
13  14  15  0 

