Minimum number of moves = 46
Nodes explored = 13113
9  5  3  10 
1  0  6  15 
13  14  2  7 
8  12  4  11 

9  5  3  10 
0  1  6  15 
13  14  2  7 
8  12  4  11 

0  5  3  10 
9  1  6  15 
13  14  2  7 
8  12  4  11 

5  0  3  10 
9  1  6  15 
13  14  2  7 
8  12  4  11 

5  1  3  10 
9  0  6  15 
13  14  2  7 
8  12  4  11 

5  1  3  10 
9  6  0  15 
13  14  2  7 
8  12  4  11 

5  1  3  10 
9  6  2  15 
13  14  0  7 
8  12  4  11 

5  1  3  10 
9  6  2  15 
13  14  7  0 
8  12  4  11 

5  1  3  10 
9  6  2  0 
13  14  7  15 
8  12  4  11 

5  1  3  0 
9  6  2  10 
13  14  7  15 
8  12  4  11 

5  1  0  3 
9  6  2  10 
13  14  7  15 
8  12  4  11 

5  1  2  3 
9  6  0  10 
13  14  7  15 
8  12  4  11 

5  1  2  3 
9  6  7  10 
13  14  0  15 
8  12  4  11 

5  1  2  3 
9  6  7  10 
13  14  4  15 
8  12  0  11 

5  1  2  3 
9  6  7  10 
13  14  4  15 
8  0  12  11 

5  1  2  3 
9  6  7  10 
13  14  4  15 
0  8  12  11 

5  1  2  3 
9  6  7  10 
0  14  4  15 
13  8  12  11 

5  1  2  3 
0  6  7  10 
9  14  4  15 
13  8  12  11 

0  1  2  3 
5  6  7  10 
9  14  4  15 
13  8  12  11 

1  0  2  3 
5  6  7  10 
9  14  4  15 
13  8  12  11 

1  2  0  3 
5  6  7  10 
9  14  4  15 
13  8  12  11 

1  2  7  3 
5  6  0  10 
9  14  4  15 
13  8  12  11 

1  2  7  3 
5  6  4  10 
9  14  0  15 
13  8  12  11 

1  2  7  3 
5  6  4  10 
9  14  15  0 
13  8  12  11 

1  2  7  3 
5  6  4  10 
9  14  15  11 
13  8  12  0 

1  2  7  3 
5  6  4  10 
9  14  15  11 
13  8  0  12 

1  2  7  3 
5  6  4  10 
9  14  0  11 
13  8  15  12 

1  2  7  3 
5  6  4  10 
9  14  11  0 
13  8  15  12 

1  2  7  3 
5  6  4  0 
9  14  11  10 
13  8  15  12 

1  2  7  3 
5  6  0  4 
9  14  11  10 
13  8  15  12 

1  2  7  3 
5  6  11  4 
9  14  0  10 
13  8  15  12 

1  2  7  3 
5  6  11  4 
9  14  10  0 
13  8  15  12 

1  2  7  3 
5  6  11  4 
9  14  10  12 
13  8  15  0 

1  2  7  3 
5  6  11  4 
9  14  10  12 
13  8  0  15 

1  2  7  3 
5  6  11  4 
9  14  10  12 
13  0  8  15 

1  2  7  3 
5  6  11  4 
9  0  10  12 
13  14  8  15 

1  2  7  3 
5  6  11  4 
9  10  0  12 
13  14  8  15 

1  2  7  3 
5  6  11  4 
9  10  8  12 
13  14  0  15 

1  2  7  3 
5  6  11  4 
9  10  8  12 
13  14  15  0 

1  2  7  3 
5  6  11  4 
9  10  8  0 
13  14  15  12 

1  2  7  3 
5  6  11  4 
9  10  0  8 
13  14  15  12 

1  2  7  3 
5  6  0  4 
9  10  11  8 
13  14  15  12 

1  2  0  3 
5  6  7  4 
9  10  11  8 
13  14  15  12 

1  2  3  0 
5  6  7  4 
9  10  11  8 
13  14  15  12 

1  2  3  4 
5  6  7  0 
9  10  11  8 
13  14  15  12 

1  2  3  4 
5  6  7  8 
9  10  11  0 
13  14  15  12 

1  2  3  4 
5  6  7  8 
9  10  11  12 
13  14  15  0 

Minimum number of moves = 42
Nodes explored = 2243
9  5  1  2 
11  6  4  15 
14  7  13  8 
10  12  3  0 

9  5  1  2 
11  6  4  15 
14  7  13  8 
10  12  0  3 

9  5  1  2 
11  6  4  15 
14  7  13  8 
10  0  12  3 

9  5  1  2 
11  6  4  15 
14  0  13  8 
10  7  12  3 

9  5  1  2 
11  6  4  15 
14  13  0  8 
10  7  12  3 

9  5  1  2 
11  6  4  15 
14  13  8  0 
10  7  12  3 

9  5  1  2 
11  6  4  0 
14  13  8  15 
10  7  12  3 

9  5  1  2 
11  6  0  4 
14  13  8  15 
10  7  12  3 

9  5  1  2 
11  6  8  4 
14  13  0  15 
10  7  12  3 

9  5  1  2 
11  6  8  4 
14  13  12  15 
10  7  0  3 

9  5  1  2 
11  6  8  4 
14  13  12  15 
10  7  3  0 

9  5  1  2 
11  6  8  4 
14  13  12  0 
10  7  3  15 

9  5  1  2 
11  6  8  4 
14  13  0  12 
10  7  3  15 

9  5  1  2 
11  6  8  4 
14  13  3  12 
10  7  0  15 

9  5  1  2 
11  6  8  4 
14  13  3  12 
10  0  7  15 

9  5  1  2 
11  6  8  4 
14  0  3  12 
10  13  7  15 

9  5  1  2 
11  6  8  4 
0  14  3  12 
10  13  7  15 

9  5  1  2 
11  6  8  4 
10  14  3  12 
0  13  7  15 

9  5  1  2 
11  6  8  4 
10  14  3  12 
13  0  7  15 

9  5  1  2 
11  6  8  4 
10  0  3  12 
13  14  7  15 

9  5  1  2 
11  6  8  4 
0  10  3  12 
13  14  7  15 

9  5  1  2 
0  6  8  4 
11  10  3  12 
13  14  7  15 

0  5  1  2 
9  6  8  4 
11  10  3  12 
13  14  7  15 

5  0  1  2 
9  6  8  4 
11  10  3  12 
13  14  7  15 

5  1  0  2 
9  6  8  4 
11  10  3  12 
13  14  7  15 

5  1  2  0 
9  6  8  4 
11  10  3  12 
13  14  7  15 

5  1  2  4 
9  6  8  0 
11  10  3  12 
13  14  7  15 

5  1  2  4 
9  6  0  8 
11  10  3  12 
13  14  7  15 

5  1  2  4 
9  6  3  8 
11  10  0  12 
13  14  7  15 

5  1  2  4 
9  6  3  8 
11  10  7  12 
13  14  0  15 

5  1  2  4 
9  6  3  8 
11  10  7  12 
13  0  14  15 

5  1  2  4 
9  6  3  8 
11  0  7  12 
13  10  14  15 

5  1  2  4 
9  6  3  8 
0  11  7  12 
13  10  14  15 

5  1  2  4 
0  6  3  8 
9  11  7  12 
13  10  14  15 

0  1  2  4 
5  6  3  8 
9  11  7  12 
13  10  14  15 

1  0  2  4 
5  6  3  8 
9  11  7  12 
13  10  14  15 

1  2  0  4 
5  6  3  8 
9  11  7  12 
13  10  14  15 

1  2  3  4 
5  6  0  8 
9  11  7  12 
13  10  14  15 

1  2  3  4 
5  6  7  8 
9  11  0  12 
13  10  14  15 

1  2  3  4 
5  6  7  8 
9  0  11  12 
13  10  14  15 

1  2  3  4 
5  6  7  8 
9  10  11  12 
13  0  14  15 

1  2  3  4 
5  6  7  8 
9  10  11  12 
13  14  0  15 

1  2  3  4 
5  6  7  8 
9  10  11  12 
13  14  15  0 

Minimum number of moves = 44
Nodes explored = 4771
0  15  1  3 
5  9  11  10 
14  2  12  6 
13  4  8  7 

5  15  1  3 
0  9  11  10 
14  2  12  6 
13  4  8  7 

5  15  1  3 
9  0  11  10 
14  2  12  6 
13  4  8  7 

5  0  1  3 
9  15  11  10 
14  2  12  6 
13  4  8  7 

5  1  0  3 
9  15  11  10 
14  2  12  6 
13  4  8  7 

5  1  11  3 
9  15  0  10 
14  2  12  6 
13  4  8  7 

5  1  11  3 
9  0  15  10 
14  2  12  6 
13  4  8  7 

5  1  11  3 
9  2  15  10 
14  0  12  6 
13  4  8  7 

5  1  11  3 
9  2  15  10 
14  12  0  6 
13  4  8  7 

5  1  11  3 
9  2  0  10 
14  12  15  6 
13  4  8  7 

5  1  11  3 
9  2  10  0 
14  12  15  6 
13  4  8  7 

5  1  11  3 
9  2  10  6 
14  12  15  0 
13  4  8  7 

5  1  11  3 
9  2  10  6 
14  12  15  7 
13  4  8  0 

5  1  11  3 
9  2  10  6 
14  12  15  7 
13  4  0  8 

5  1  11  3 
9  2  10  6 
14  12  15  7 
13  0  4  8 

5  1  11  3 
9  2  10  6 
14  0  15  7 
13  12  4  8 

5  1  11  3 
9  2  10  6 
0  14  15  7 
13  12  4  8 

5  1  11  3 
0  2  10  6 
9  14  15  7 
13  12  4  8 

0  1  11  3 
5  2  10  6 
9  14  15  7 
13  12  4  8 

1  0  11  3 
5  2  10  6 
9  14  15  7 
13  12  4  8 

1  2  11  3 
5  0  10  6 
9  14  15  7 
13  12  4  8 

1  2  11  3 
5  10  0  6 
9  14  15  7 
13  12  4  8 

1  2  11  3 
5  10  6  0 
9  14  15  7 
13  12  4  8 

1  2  11  3 
5  10  6  7 
9  14  15  0 
13  12  4  8 

1  2  11  3 
5  10  6  7 
9  14  0  15 
13  12  4  8 

1  2  11  3 
5  10  6  7 
9  14  4  15 
13  12  0  8 

1  2  11  3 
5  10  6  7 
9  14  4  15 
13  0  12  8 

1  2  11  3 
5  10  6  7 
9  0  4  15 
13  14  12  8 

1  2  11  3 
5  0  6  7 
9  10  4  15 
13  14  12  8 

1  2  11  3 
5  6  0  7 
9  10  4  15 
13  14  12  8 

1  2  11  3 
5  6  4  7 
9  10  0  15 
13  14  12  8 

1  2  11  3 
5  6  4  7 
9  10  15  0 
13  14  12  8 

1  2  11  3 
5  6  4  0 
9  10  15  7 
13  14  12  8 

1  2  11  3 
5  6  0  4 
9  10  15  7 
13  14  12  8 

1  2  0  3 
5  6  11  4 
9  10  15  7 
13  14  12  8 

1  2  3  0 
5  6  11  4 
9  10  15  7 
13  14  12  8 

1  2  3  4 
5  6  11  0 
9  10  15  7 
13  14  12  8 

1  2  3  4 
5  6  11  7 
9  10  15  0 
13  14  12  8 

1  2  3  4 
5  6  11  7 
9  10  15  8 
13  14  12  0 

1  2  3  4 
5  6  11  7 
9  10  15  8 
13  14  0  12 

1  2  3  4 
5  6  11  7 
9  10  0  8 
13  14  15  12 

1  2  3  4 
5  6  0  7 
9  10  11  8 
13  14  15  12 

1  2  3  4 
5  6  7  0 
9  10  11  8 
13  14  15  12 

1  2  3  4 
5  6  7  8 
9  10  11  0 
13  14  15  12 

1  2  3  4 
5  6  7  8 
9  10  11  12 
13  14  15  0 

Minimum number of moves = 42
Nodes explored = 8587
13  1  3  4 
7  5  9  0 
15  2  11  12 
6  8  10  14 

13  1  3  4 
7  5  0  9 
15  2  11  12 
6  8  10  14 

13  1  3  4 
7  0  5  9 
15  2  11  12 
6  8  10  14 

13  1  3  4 
7  2  5  9 
15  0  11  12 
6  8  10  14 

13  1  3  4 
7  2  5  9 
15  8  11  12 
6  0  10  14 

13  1  3  4 
7  2  5  9 
15  8  11  12 
0  6  10  14 

13  1  3  4 
7  2  5  9 
0  8  11  12 
15  6  10  14 

13  1  3  4 
0  2  5  9 
7  8  11  12 
15  6  10  14 

0  1  3  4 
13  2  5  9 
7  8  11  12 
15  6  10  14 

1  0  3  4 
13  2  5  9 
7  8  11  12 
15  6  10  14 

1  2  3  4 
13  0  5  9 
7  8  11  12 
15  6  10  14 

1  2  3  4 
13  5  0  9 
7  8  11  12 
15  6  10  14 

1  2  3  4 
13  5  11  9 
7  8  0  12 
15  6  10  14 

1  2  3  4 
13  5  11  9 
7  0  8  12 
15  6  10  14 

1  2  3  4 
13  5  11  9 
0  7  8  12 
15  6  10  14 

1  2  3  4 
0  5  11  9 
13  7  8  12 
15  6  10  14 

1  2  3  4 
5  0  11  9 
13  7  8  12 
15  6  10  14 

1  2  3  4 
5  7  11  9 
13  0  8  12 
15  6  10  14 

1  2  3  4 
5  7  11  9 
13  6  8  12 
15  0  10  14 

1  2  3  4 
5  7  11  9 
13  6  8  12 
15  10  0  14 

1  2  3  4 
5  7  11  9 
13  6  8  12 
15  10  14  0 

1  2  3  4 
5  7  11  9 
13  6  8  0 
15  10  14  12 

1  2  3  4 
5  7  11  9 
13  6  0  8 
15  10  14  12 

1  2  3  4 
5  7  0  9 
13  6  11  8 
15  10  14  12 

1  2  3  4 
5  7  9  0 
13  6  11  8 
15  10  14  12 

1  2  3  4 
5  7  9  8 
13  6  11  0 
15  10  14  12 

1  2  3  4 
5  7  9  8 
13  6  0  11 
15  10  14  12 

1  2  3  4 
5  7  0  8 
13  6  9  11 
15  10  14  12 

1  2  3  4 
5  0  7  8 
13  6  9  11 
15  10  14  12 

1  2  3  4 
5  6  7  8 
13  0  9  11 
15  10  14  12 

1  2  3  4 
5  6  7  8 
13  9  0  11 
15  10  14  12 

1  2  3  4 
5  6  7  8 
13  9  14  11 
15  10  0  12 

1  2  3  4 
5  6  7  8 
13  9  14  11 
15  0  10  12 

1  2  3  4 
5  6  7  8 
13  9  14  11 
0  15  10  12 

1  2  3  4 
5  6  7  8 
0  9  14  11 
13  15  10  12 

1  2  3  4 
5  6  7  8 
9  0  14  11 
13  15  10  12 

1  2  3  4 
5  6  7  8 
9  14  0  11 
13  15  10  12 

1  2  3  4 
5  6  7  8 
9  14  10  11 
13  15  0  12 

1  2  3  4 
5  6  7  8 
9  14  10  11 
13  0  15  12 

1  2  3  4 
5  6  7  8 
9  0  10  11 
13  14  15  12 

1  2  3  4 
5  6  7  8 
9  10  0  11 
13  14  15  12 

1  2  3  4 
5  6  7  8 
9  10  11  0 
13  14  15  12 

1  2  3  4 
5  6  7  8 
9  10  11  12 
13  14  15  0 

Minimum number of moves = 28
Nodes explored = 358
1  12  2  7 
9  6  3  0 
13  5  10  4 
14  11  15  8 

1  12  2  7 
9  6  0  3 
13  5  10  4 
14  11  15  8 

1  12  2  7 
9  0  6  3 
13  5  10  4 
14  11  15  8 

1  0  2  7 
9  12  6  3 
13  5  10  4 
14  11  15  8 

1  2  0  7 
9  12  6  3 
13  5  10  4 
14  11  15  8 

1  2  7  0 
9  12  6  3 
13  5  10  4 
14  11  15  8 

1  2  7  3 
9  12  6  0 
13  5  10  4 
14  11  15  8 

1  2  7  3 
9  12  0  6 
13  5  10  4 
14  11  15  8 

1  2  7  3 
9  0  12  6 
13  5  10  4 
14  11  15  8 

1  2  7  3 
9  5  12  6 
13  0  10  4 
14  11  15  8 

1  2  7  3 
9  5  12  6 
13  10  0  4 
14  11  15  8 

1  2  7  3 
9  5  0  6 
13  10  12  4 
14  11  15  8 

1  2  7  3 
9  5  6  0 
13  10  12  4 
14  11  15  8 

1  2  7  3 
9  5  6  4 
13  10  12  0 
14  11  15  8 

1  2  7  3 
9  5  6  4 
13  10  12  8 
14  11  15  0 

1  2  7  3 
9  5  6  4 
13  10  12  8 
14  11  0  15 

1  2  7  3 
9  5  6  4 
13  10  12  8 
14  0  11  15 

1  2  7  3 
9  5  6  4 
13  10  12  8 
0  14  11  15 

1  2  7  3 
9  5  6  4 
0  10  12  8 
13  14  11  15 

1  2  7  3 
0  5  6  4 
9  10  12  8 
13  14  11  15 

1  2  7  3 
5  0  6  4 
9  10  12  8 
13  14  11  15 

1  2  7  3 
5  6  0  4 
9  10  12  8 
13  14  11  15 

1  2  0  3 
5  6  7  4 
9  10  12  8 
13  14  11  15 

1  2  3  0 
5  6  7  4 
9  10  12  8 
13  14  11  15 

1  2  3  4 
5  6  7  0 
9  10  12  8 
13  14  11  15 

1  2  3  4 
5  6  7  8 
9  10  12  0 
13  14  11  15 

1  2  3  4 
5  6  7  8 
9  10  0  12 
13  14  11  15 

1  2  3  4 
5  6  7  8 
9  10  11  12 
13  14  0  15 

1  2  3  4 
5  6  7  8 
9  10  11  12 
13  14  15  0 

Minimum number of moves = 34
Nodes explored = 7445
2  3  12  4 
9  7  15  6 
10  5  0  1 
13  14  11  8 

2  3  12  4 
9  7  0  6 
10  5  15  1 
13  14  11  8 

2  3  12  4 
9  0  7  6 
10  5  15  1 
13  14  11  8 

2  3  12  4 
9  5  7  6 
10  0  15  1 
13  14  11  8 

2  3  12  4 
9  5  7  6 
10  14  15  1 
13  0  11  8 

2  3  12  4 
9  5  7  6 
10  14  15  1 
13  11  0  8 

2  3  12  4 
9  5  7  6 
10  14  0  1 
13  11  15  8 

2  3  12  4 
9  5  7  6 
10  14  1  0 
13  11  15  8 

2  3  12  4 
9  5  7  6 
10  14  1  8 
13  11  15  0 

2  3  12  4 
9  5  7  6 
10  14  1  8 
13  11  0  15 

2  3  12  4 
9  5  7  6 
10  14  1  8 
13  0  11  15 

2  3  12  4 
9  5  7  6 
10  0  1  8 
13  14  11  15 

2  3  12  4 
9  5  7  6 
10  1  0  8 
13  14  11  15 

2  3  12  4 
9  5  0  6 
10  1  7  8 
13  14  11  15 

2  3  0  4 
9  5  12  6 
10  1  7  8 
13  14  11  15 

2  0  3  4 
9  5  12  6 
10  1  7  8 
13  14  11  15 

2  5  3  4 
9  0  12  6 
10  1  7  8 
13  14  11  15 

2  5  3  4 
9  1  12  6 
10  0  7  8 
13  14  11  15 

2  5  3  4 
9  1  12  6 
10  7  0  8 
13  14  11  15 

2  5  3  4 
9  1  0  6 
10  7  12  8 
13  14  11  15 

2  5  3  4 
9  1  6  0 
10  7  12  8 
13  14  11  15 

2  5  3  4 
9  1  6  8 
10  7  12  0 
13  14  11  15 

2  5  3  4 
9  1  6  8 
10  7  0  12 
13  14  11  15 

2  5  3  4 
9  1  6  8 
10  0  7  12 
13  14  11  15 

2  5  3  4 
9  1  6  8 
0  10  7  12 
13  14  11  15 

2  5  3  4 
0  1  6  8 
9  10  7  12 
13  14  11  15 

2  5  3  4 
1  0  6  8 
9  10  7  12 
13  14  11  15 

2  0  3  4 
1  5  6  8 
9  10  7  12 
13  14  11  15 

0  2  3  4 
1  5  6  8 
9  10  7  12 
13  14  11  15 

1  2  3  4 
0  5  6  8 
9  10  7  12 
13  14  11  15 

1  2  3  4 
5  0  6  8 
9  10  7  12 
13  14  11  15 

1  2  3  4 
5  6  0  8 
9  10  7  12 
13  14  11  15 

1  2  3  4 
5  6  7  8 
9  10  0  12 
13  14  11  15 

1  2  3  4 
5  6  7  8 
9  10  11  12 
13  14  0  15 

1  2  3  4 
5  6  7  8 
9  10  11  12 
13  14  15  0 

Minimum number of moves = 46
Nodes explored = 54713
10  6  4  8 
3  1  9  0 
13  5  11  14 
2  7  12  15 

10  6  4  8 
3  1  9  14 
13  5  11  0 
2  7  12  15 

10  6  4  8 
3  1  9  14 
13  5  11  15 
2  7  12  0 

10  6  4  8 
3  1  9  14 
13  5  11  15 
2  7  0  12 

10  6  4  8 
3  1  9  14 
13  5  11  15 
2  0  7  12 

10  6  4  8 
3  1  9  14 
13  5  11  15 
0  2  7  12 

10  6  4  8 
3  1  9  14 
0  5  11  15 
13  2  7  12 

10  6  4  8 
3  1  9  14 
5  0  11  15 
13  2  7  12 

10  6  4  8 
3  1  9  14 
5  11  0  15 
13  2  7  12 

10  6  4  8 
3  1  9  14 
5  11  15  0 
13  2  7  12 

10  6  4  8 
3  1  9  0 
5  11  15  14 
13  2  7  12 

10  6  4  0 
3  1  9  8 
5  11  15  14 
13  2  7  12 

10  6  0  4 
3  1  9  8 
5  11  15  14 
13  2  7  12 

10  0  6  4 
3  1  9  8 
5  11  15  14 
13  2  7  12 

10  1  6  4 
3  0  9  8 
5  11  15  14 
13  2  7  12 

10  1  6  4 
0  3  9  8 
5  11  15  14 
13  2  7  12 

0  1  6  4 
10  3  9  8 
5  11  15  14 
13  2  7  12 

1  0  6  4 
10  3  9  8 
5  11  15  14 
13  2  7  12 

1  3  6  4 
10  0  9  8 
5  11  15  14 
13  2  7  12 

1  3  6  4 
10  11  9  8 
5  0  15  14 
13  2  7  12 

1  3  6  4 
10  11  9  8 
5  2  15  14 
13  0  7  12 

1  3  6  4 
10  11  9  8 
5  2  15  14 
13  7  0  12 

1  3  6  4 
10  11  9  8 
5  2  0  14 
13  7  15  12 

1  3  6  4 
10  11  0  8 
5  2  9  14 
13  7  15  12 

1  3  6  4 
10  0  11  8 
5  2  9  14 
13  7  15  12 

1  3  6  4 
10  2  11  8 
5  0  9  14 
13  7  15  12 

1  3  6  4 
10  2  11  8 
5  9  0  14 
13  7  15  12 

1  3  6  4 
10  2  11  8 
5  9  14  0 
13  7  15  12 

1  3  6  4 
10  2  11  8 
5  9  14  12 
13  7  15  0 

1  3  6  4 
10  2  11  8 
5  9  14  12 
13  7  0  15 

1  3  6  4 
10  2  11  8 
5  9  0  12 
13  7  14  15 

1  3  6  4 
10  2  0  8 
5  9  11  12 
13  7  14  15 

1  3  0  4 
10  2  6  8 
5  9  11  12 
13  7  14  15 

1  0  3  4 
10  2  6  8 
5  9  11  12 
13  7  14  15 

1  2  3  4 
10  0  6  8 
5  9  11  12 
13  7  14  15 

1  2  3  4 
0  10  6  8 
5  9  11  12 
13  7  14  15 

1  2  3  4 
5  10  6  8 
0  9  11  12 
13  7  14  15 

1  2  3  4 
5  10  6  8 
9  0  11  12 
13  7  14  15 

1  2  3  4 
5  10  6  8 
9  7  11  12 
13  0  14  15 

1  2  3  4 
5  10  6  8 
9  7  11  12 
13  14  0  15 

1  2  3  4 
5  10  6  8 
9  7  0  12 
13  14  11  15 

1  2  3  4 
5  10  6  8 
9  0  7  12 
13  14  11  15 

1  2  3  4 
5  0  6  8 
9  10  7  12 
13  14  11  15 

1  2  3  4 
5  6  0  8 
9  10  7  12 
13  14  11  15 

1  2  3  4 
5  6  7  8 
9  10  0  12 
13  14  11  15 

1  2  3  4 
5  6  7  8 
9  10  11  12 
13  14  0  15 

1  2  3  4 
5  6  7  8 
9  10  11  12 
13  14  15  0 

Minimum number of moves = 42
Nodes explored = 31576
1  7  3  9 
2  5  6  0 
11  10  14  12 
13  15  4  8 

1  7  3  0 
2  5  6  9 
11  10  14  12 
13  15  4  8 

1  7  0  3 
2  5  6  9 
11  10  14  12 
13  15  4  8 

1  7  6  3 
2  5  0  9 
11  10  14  12 
13  15  4  8 

1  7  6  3 
2  5  14  9 
11  10  0  12 
13  15  4  8 

1  7  6  3 
2  5  14  9 
11  10  4  12 
13  15  0  8 

1  7  6  3 
2  5  14  9 
11  10  4  12 
13  15  8  0 

1  7  6  3 
2  5  14  9 
11  10  4  0 
13  15  8  12 

1  7  6  3 
2  5  14  9 
11  10  0  4 
13  15  8  12 

1  7  6  3 
2  5  14  9 
11  10  8  4 
13  15  0  12 

1  7  6  3 
2  5  14  9 
11  10  8  4 
13  0  15  12 

1  7  6  3 
2  5  14  9 
11  0  8  4 
13  10  15  12 

1  7  6  3 
2  0  14  9 
11  5  8  4 
13  10  15  12 

1  7  6  3 
2  14  0  9 
11  5  8  4 
13  10  15  12 

1  7  6  3 
2  14  9  0 
11  5  8  4 
13  10  15  12 

1  7  6  3 
2  14  9  4 
11  5  8  0 
13  10  15  12 

1  7  6  3 
2  14  9  4 
11  5  0  8 
13  10  15  12 

1  7  6  3 
2  14  0  4 
11  5  9  8 
13  10  15  12 

1  7  6  3 
2  0  14  4 
11  5  9  8 
13  10  15  12 

1  7  6  3 
0  2  14  4 
11  5  9  8 
13  10  15  12 

1  7  6  3 
11  2  14  4 
0  5  9  8 
13  10  15  12 

1  7  6  3 
11  2  14  4 
5  0  9  8 
13  10  15  12 

1  7  6  3 
11  2  14  4 
5  9  0  8 
13  10  15  12 

1  7  6  3 
11  2  0  4 
5  9  14  8 
13  10  15  12 

1  7  0  3 
11  2  6  4 
5  9  14  8 
13  10  15  12 

1  0  7  3 
11  2  6  4 
5  9  14  8 
13  10  15  12 

1  2  7  3 
11  0  6  4 
5  9  14  8 
13  10  15  12 

1  2  7  3 
0  11  6  4 
5  9  14  8 
13  10  15  12 

1  2  7  3 
5  11  6  4 
0  9  14  8 
13  10  15  12 

1  2  7  3 
5  11  6  4 
9  0  14  8 
13  10  15  12 

1  2  7  3 
5  0  6  4 
9  11  14  8 
13  10  15  12 

1  2  7  3 
5  6  0  4 
9  11  14  8 
13  10  15  12 

1  2  0  3 
5  6  7  4 
9  11  14  8 
13  10  15  12 

1  2  3  0 
5  6  7  4 
9  11  14  8 
13  10  15  12 

1  2  3  4 
5  6  7  0 
9  11  14  8 
13  10  15  12 

1  2  3  4 
5  6  7  8 
9  11  14  0 
13  10  15  12 

1  2  3  4 
5  6  7  8 
9  11  14  12 
13  10  15  0 

1  2  3  4 
5  6  7  8 
9  11  14  12 
13  10  0  15 

1  2  3  4 
5  6  7  8 
9  11  0  12 
13  10  14  15 

1  2  3  4 
5  6  7  8 
9  0  11  12 
13  10  14  15 

1  2  3  4 
5  6  7  8 
9  10  11  12 
13  0  14  15 

1  2  3  4 
5  6  7  8 
9  10  11  12 
13  14  0  15 

1  2  3  4 
5  6  7  8 
9  10  11  12 
13  14  15  0 

Minimum number of moves = 30
Nodes explored = 533
5  3  1  8 
9  6  2  11 
7  4  10  12 
13  14  15  0 

5  3  1  8 
9  6  2  11 
7  4  10  12 
13  14  0  15 

5  3  1  8 
9  6  2  11 
7  4  0  12 
13  14  10  15 

5  3  1  8 
9  6  2  11 
7  0  4  12 
13  14  10  15 

5  3  1  8 
9  0  2  11 
7  6  4  12 
13  14  10  15 

5  0  1  8 
9  3  2  11 
7  6  4  12 
13  14  10  15 

5  1  0  8 
9  3  2  11 
7  6  4  12 
13  14  10  15 

5  1  2  8 
9  3  0  11 
7  6  4  12 
13  14  10  15 

5  1  2  8 
9  3  4  11 
7  6  0  12 
13  14  10  15 

5  1  2  8 
9  3  4  11 
7  0  6  12 
13  14  10  15 

5  1  2  8 
9  3  4  11 
0  7  6  12 
13  14  10  15 

5  1  2  8 
0  3  4  11 
9  7  6  12 
13  14  10  15 

0  1  2  8 
5  3  4  11 
9  7  6  12 
13  14  10  15 

1  0  2  8 
5  3  4  11 
9  7  6  12 
13  14  10  15 

1  2  0  8 
5  3  4  11 
9  7  6  12 
13  14  10  15 

1  2  4  8 
5  3  0  11 
9  7  6  12 
13  14  10  15 

1  2  4  8 
5  0  3  11 
9  7  6  12 
13  14  10  15 

1  2  4  8 
5  7  3  11 
9  0  6  12 
13  14  10  15 

1  2  4  8 
5  7  3  11 
9  6  0  12 
13  14  10  15 

1  2  4  8 
5  7  3  11 
9  6  10  12 
13  14  0  15 

1  2  4  8 
5  7  3  11 
9  6  10  12 
13  14  15  0 

1  2  4  8 
5  7  3  11 
9  6  10  0 
13  14  15  12 

1  2  4  8 
5  7  3  0 
9  6  10  11 
13  14  15  12 

1  2  4  0 
5  7  3  8 
9  6  10  11 
13  14  15  12 

1  2  0  4 
5  7  3  8 
9  6  10  11 
13  14  15  12 

1  2  3  4 
5  7  0  8 
9  6  10  11 
13  14  15  12 

1  2  3  4 
5  0  7  8 
9  6  10  11 
13  14  15  12 

1  2  3  4 
5  6  7  8 
9  0  10  11 
13  14  15  12 

1  2  3  4 
5  6  7  8 
9  10  0  11 
13  14  15  12 

1  2  3  4 
5  6  7  8 
9  10  11  0 
13  14  15  12 

1  2  3  4 
5  6  7  8 
9  10  11  12 
13  14  15  0 

Minimum number of moves = 32
Nodes explored = 651
1  3  0  4 
13  10  6  2 
14  5  8  7 
11  15  9  12 

1  3  6  4 
13  10  0  2 
14  5  8  7 
11  15  9  12 

1  3  6  4 
13  10  2  0 
14  5  8  7 
11  15  9  12 

1  3  6  4 
13  10  2  7 
14  5  8  0 
11  15  9  12 

1  3  6  4 
13  10  2  7 
14  5  0  8 
11  15  9  12 

1  3  6  4 
13  10  2  7 
14  5  9  8 
11  15  0  12 

1  3  6  4 
13  10  2  7 
14  5  9  8 
11  0  15  12 

1  3  6  4 
13  10  2  7 
14  5  9  8 
0  11  15  12 

1  3  6  4 
13  10  2  7 
0  5  9  8 
14  11  15  12 

1  3  6  4 
0  10  2  7 
13  5  9  8 
14  11  15  12 

1  3  6  4 
10  0  2  7 
13  5  9  8 
14  11  15  12 

1  3  6  4 
10  2  0  7 
13  5  9  8 
14  11  15  12 

1  3  6  4 
10  2  7  0 
13  5  9  8 
14  11  15  12 

1  3  6  4 
10  2  7  8 
13  5  9  0 
14  11  15  12 

1  3  6  4 
10  2  7  8 
13  5  9  12 
14  11  15  0 

1  3  6  4 
10  2  7  8 
13  5  9  12 
14  11  0  15 

1  3  6  4 
10  2  7  8 
13  5  9  12 
14  0  11  15 

1  3  6  4 
10  2  7  8 
13  5  9  12 
0  14  11  15 

1  3  6  4 
10  2  7  8 
0  5  9  12 
13  14  11  15 

1  3  6  4 
10  2  7  8 
5  0  9  12 
13  14  11  15 

1  3  6  4 
10  2  7  8 
5  9  0  12 
13  14  11  15 

1  3  6  4 
10  2  0  8 
5  9  7  12 
13  14  11  15 

1  3  0  4 
10  2  6  8 
5  9  7  12 
13  14  11  15 

1  0  3  4 
10  2  6  8 
5  9  7  12 
13  14  11  15 

1  2  3  4 
10  0  6  8 
5  9  7  12 
13  14  11  15 

1  2  3  4 
0  10  6  8 
5  9  7  12 
13  14  11  15 

1  2  3  4 
5  10  6  8 
0  9  7  12 
13  14  11  15 

1  2  3  4 
5  10  6  8 
9  0  7  12 
13  14  11  15 

1  2  3  4 
5  0  6  8 
9  10  7  12 
13  14  11  15 

1  2  3  4 
5  6  0  8 
9  10  7  12 
13  14  11  15 

1  2  3  4 
5  6  7  8 
9  10  0  12 
13  14  11  15 

1  2  3  4 
5  6  7  8 
9  10  11  12 
13  14  0  15 

1  2  3  4 
5  6  7  8 
9  10  11  12 
13  14  15  0 

